0,0,0,0,0,10000,9994,6,6,9994,5,1,0,0,0,0,3,0,6
1,0,0,0,0,10000,9987,13,13,9987,10,3,0,0,1,0,7,2,13
2,0,0,0,0,10000,9972,28,28,9973,20,6,1,0,3,0,18,2,28
3,0,0,0,0,10000,9954,46,46,9955,30,12,3,0,7,1,29,5,46
4,0,0,0,0,10000,9926,74,74,9927,49,17,7,0,15,3,52,8,74
5,0,0,0,0,10000,9888,112,112,9891,63,31,15,0,24,7,79,15,112
6,0,0,0,0,10000,9832,168,168,9834,102,40,24,0,46,15,113,32,168
7,0,0,0,0,10000,9721,279,279,9728,172,54,46,0,64,24,195,56,279
8,0,0,0,0,10000,9573,427,427,9581,267,88,64,0,100,46,312,85,427
9,0,0,0,0,10000,9399,601,601,9413,354,133,100,0,152,64,441,127,601
10,0,0,0,0,10000,9124,876,876,9145,500,203,152,0,233,100,631,210,876
11,0,0,0,0,10000,8717,1283,1283,8744,730,293,233,0,355,152,944,301,1283
12,0,0,0,0,10000,8345,1655,1655,8379,847,419,355,0,526,233,1218,399,1655
13,0,0,0,0,10000,7864,2136,2136,7903,1052,519,526,0,774,355,1547,549,2136
14,0,0,0,0,10000,7173,2827,2827,7209,1432,585,774,0,1045,526,2094,692,2827
15,0,0,0,0,10000,6353,3647,3647,6393,1767,795,1045,0,1359,774,2740,863,3647
16,0,0,0,0,10000,5463,4537,4537,5499,2055,1087,1357,2,1840,1045,3424,1066,4537
17,0,0,0,0,10000,4624,5376,5376,4672,2257,1231,1837,3,2446,1359,4069,1259,5376
18,0,0,0,0,10000,3713,6287,6287,3774,2467,1313,2439,7,3071,1840,4776,1461,6287
19,0,0,0,0,10000,3031,6969,6969,3081,2415,1433,3060,11,3759,2446,5272,1647,6969
20,0,0,0,0,10000,2466,7534,7534,2509,2227,1505,3743,16,4504,3071,5656,1827,7534
21,0,0,0,0,10000,1815,8185,8185,1847,2126,1523,4480,24,5264,3759,6175,1959,8185
22,0,0,0,0,10000,1317,8683,8683,1345,1848,1543,5216,48,6027,4504,6564,2068,8683
23,0,0,0,0,10000,880,9120,9120,905,1579,1489,5949,78,6807,5264,6906,2163,9120
24,0,0,0,0,10000,598,9402,9402,606,1318,1269,6688,119,7516,6027,7130,2221,9402
25,0,0,0,0,10000,385,9615,9615,395,1119,970,7347,169,8076,6807,7300,2264,9615
26,0,0,0,0,10000,262,9738,9738,268,824,832,7839,237,8486,7516,7385,2302,9738
27,0,0,0,0,10000,176,9824,9824,184,592,738,8147,339,8908,8076,7450,2323,9824
28,0,0,0,0,10000,105,9895,9895,107,418,567,8435,473,9224,8486,7508,2336,9895
29,0,0,0,0,10000,69,9931,9931,70,277,429,8584,640,9475,8908,7535,2345,9931
30,0,0,0,0,10000,38,9962,9962,40,189,296,8622,853,9653,9224,7558,2353,9962
31,0,0,0,0,10000,23,9977,9977,23,128,196,8513,1140,9771,9475,7569,2357,9977
32,0,0,0,0,10000,13,9987,9987,13,87,129,8299,1472,9849,9653,7577,2359,9987
33,0,0,0,0,10000,8,9992,9992,9,53,89,7999,1850,9900,9771,7580,2361,9992
34,0,0,0,0,10000,7,9993,9993,7,27,66,7615,2285,9938,9849,7580,2362,9993
35,0,0,0,0,10000,7,9993,9993,7,13,42,7180,2758,9966,9900,7580,2362,9993
36,0,0,0,0,10000,4,9996,9996,4,9,21,6718,3248,9980,9938,7582,2363,9996
37,0,0,0,0,10000,2,9998,9998,2,5,13,6197,3783,9987,9966,7583,2364,9998
38,0,0,0,0,10000,1,9999,9999,1,2,10,5673,4314,9993,9980,7584,2364,9999
39,0,0,0,0,10000,1,9999,9999,1,1,5,5089,4904,9997,9987,7584,2364,9999
40,0,0,0,0,10000,1,9999,9999,1,1,1,4490,5507,9998,9993,7584,2364,9999
41,0,0,0,0,10000,1,9999,9999,1,0,1,3949,6049,9998,9997,7584,2364,9999
42,0,0,0,0,10000,1,9999,9999,1,0,1,3434,6564,9999,9998,7584,2364,9999
43,0,0,0,0,10000,1,9999,9999,1,0,0,2929,7070,9999,9998,7584,2364,9999
44,0,0,0,0,10000,1,9999,9999,1,0,0,2430,7569,9999,9999,7584,2364,9999
45,0,0,0,0,10000,1,9999,9999,1,0,0,1953,8046,9999,9999,7584,2364,9999
46,0,0,0,0,10000,1,9999,9999,1,0,0,1563,8436,9999,9999,7584,2364,9999
47,0,0,0,0,10000,1,9999,9999,1,0,0,1210,8789,9999,9999,7584,2364,9999
48,0,0,0,0,10000,1,9999,9999,1,0,0,916,9083,9999,9999,7584,2364,9999
49,0,0,0,0,10000,1,9999,9999,1,0,0,689,9310,9999,9999,7584,2364,9999
50,0,0,0,0,10000,1,9999,9999,1,0,0,520,9479,9999,9999,7584,2364,9999
51,0,0,0,0,10000,1,9999,9999,1,0,0,365,9634,9999,9999,7584,2364,9999
52,0,0,0,0,10000,1,9999,9999,1,0,0,254,9745,9999,9999,7584,2364,9999
53,0,0,0,0,10000,1,9999,9999,1,0,0,169,9830,9999,9999,7584,2364,9999
54,0,0,0,0,10000,1,9999,9999,1,0,0,127,9872,9999,9999,7584,2364,9999
55,0,0,0,0,10000,1,9999,9999,1,0,0,84,9915,9999,9999,7584,2364,9999
56,0,0,0,0,10000,1,9999,9999,1,0,0,61,9938,9999,9999,7584,2364,9999
57,0,0,0,0,10000,1,9999,9999,1,0,0,40,9959,9999,9999,7584,2364,9999
58,0,0,0,0,10000,1,9999,9999,1,0,0,25,9974,9999,9999,7584,2364,9999
59,0,0,0,0,10000,1,9999,9999,1,0,0,14,9985,9999,9999,7584,2364,9999
0,0,0,0,0,10000,9996,4,4,9996,2,2,0,0,0,0,0,0,4
1,0,0,0,0,10000,9984,16,16,9985,10,5,0,0,2,0,6,2,16
2,0,0,0,0,10000,9975,25,25,9975,16,7,2,0,5,0,13,3,25
3,0,0,0,0,10000,9957,43,43,9958,24,13,5,0,9,2,22,7,43
4,0,0,0,0,10000,9932,68,68,9932,44,15,9,0,18,5,41,12,68
5,0,0,0,0,10000,9906,94,94,9906,55,21,18,0,24,9,61,15,94
6,0,0,0,0,10000,9870,130,130,9873,71,32,24,0,39,18,88,23,130
7,0,0,0,0,10000,9813,187,187,9815,108,38,39,0,56,24,129,37,187
8,0,0,0,0,10000,9722,278,278,9727,161,56,56,0,77,39,198,56,278
9,0,0,0,0,10000,9587,413,413,9591,238,94,77,0,112,56,291,94,413
10,0,0,0,0,10000,9440,560,560,9452,292,144,112,0,171,77,400,129,560
11,0,0,0,0,10000,9218,782,782,9236,411,182,171,0,256,112,561,189,782
12,0,0,0,0,10000,8995,1005,1005,9005,502,237,256,0,353,171,720,251,1005
13,0,0,0,0,10000,8723,1277,1277,8743,606,298,353,0,493,256,913,328,1277
14,0,0,0,0,10000,8236,1764,1764,8260,895,352,493,0,651,353,1280,446,1764
15,0,0,0,0,10000,7684,2316,2316,7728,1121,500,651,0,845,493,1698,577,2316
16,0,0,0,0,10000,7052,2948,2948,7098,1362,695,845,0,1151,651,2197,709,2948
17,0,0,0,0,10000,6289,3711,3711,6321,1719,809,1148,3,1540,845,2811,858,3711
18,0,0,0,0,10000,5502,4498,4498,5560,1959,941,1533,7,1960,1151,3423,1033,4498
19,0,0,0,0,10000,4839,5161,5161,4876,1975,1189,1948,12,2481,1540,3907,1209,5161
20,0,0,0,0,10000,4298,5702,5702,4332,1925,1262,2464,17,3149,1960,4305,1348,5702
21,0,0,0,0,10000,3688,6312,6312,3724,1919,1208,3127,22,3743,2481,4767,1496,6312
22,0,0,0,0,10000,3161,6839,6839,3194,1793,1270,3711,32,4357,3149,5177,1613,6839
23,0,0,0,0,10000,2727,7273,7273,2747,1598,1298,4309,48,5013,3743,5519,1705,7273
24,0,0,0,0,10000,2407,7593,7593,2424,1384,1179,4936,77,5655,4357,5766,1778,7593
25,0,0,0,0,10000,2140,7860,7860,2161,1230,954,5532,123,6192,5013,5973,1838,7860
26,0,0,0,0,10000,1966,8034,8034,1977,950,881,6010,182,6609,5655,6104,1881,8034
27,0,0,0,0,10000,1816,8184,8184,1821,726,844,6347,262,7073,6192,6209,1926,8184
28,0,0,0,0,10000,1695,8305,8305,1703,539,685,6732,341,7453,6609,6302,1954,8305
29,0,0,0,0,10000,1571,8429,8429,1576,452,519,7003,450,7758,7073,6397,1983,8429
30,0,0,0,0,10000,1453,8547,8547,1457,378,407,7150,608,7972,7453,6484,2014,8547
31,0,0,0,0,10000,1384,8616,8616,1393,317,318,7177,795,8165,7758,6537,2030,8616
32,0,0,0,0,10000,1328,8672,8672,1331,271,233,7151,1014,8290,7972,6579,2044,8672
33,0,0,0,0,10000,1289,8711,8711,1295,219,196,7007,1283,8398,8165,6608,2054,8711
34,0,0,0,0,10000,1263,8737,8737,1265,171,166,6813,1585,8486,8290,6629,2059,8737
35,0,0,0,0,10000,1230,8770,8770,1230,131,153,6559,1927,8564,8398,6653,2068,8770
36,0,0,0,0,10000,1195,8805,8805,1198,110,128,6234,2330,8639,8486,6681,2075,8805
37,0,0,0,0,10000,1167,8833,8833,1169,83,109,5849,2790,8692,8564,6701,2083,8833
38,0,0,0,0,10000,1139,8861,8861,1140,80,88,5469,3223,8748,8639,6724,2088,8861
39,0,0,0,0,10000,1114,8886,8886,1116,78,58,5060,3688,8780,8692,6745,2092,8886
40,0,0,0,0,10000,1104,8896,8896,1105,58,57,4672,4108,8806,8748,6751,2096,8896
41,0,0,0,0,10000,1100,8900,8900,1101,46,47,4217,4589,8837,8780,6755,2096,8900
42,0,0,0,0,10000,1093,8907,8907,1093,36,34,3782,5055,8853,8806,6762,2096,8907
43,0,0,0,0,10000,1088,8912,8912,1088,26,33,3341,5512,8871,8837,6767,2096,8912
44,0,0,0,0,10000,1085,8915,8915,1085,14,30,2910,5961,8886,8853,6769,2097,8915
45,0,0,0,0,10000,1083,8917,8917,1083,8,23,2495,6391,8901,8871,6771,2097,8917
46,0,0,0,0,10000,1081,8919,8919,1081,8,10,2124,6777,8909,8886,6773,2097,8919
47,0,0,0,0,10000,1078,8922,8922,1078,8,5,1790,7119,8911,8901,6775,2098,8922
48,0,0,0,0,10000,1077,8923,8923,1078,6,5,1484,7427,8914,8909,6776,2098,8923
49,0,0,0,0,10000,1077,8923,8923,1077,7,2,1224,7690,8916,8911,6776,2098,8923
50,0,0,0,0,10000,1077,8923,8923,1077,6,1,995,7921,8916,8914,6776,2098,8923
51,0,0,0,0,10000,1077,8923,8923,1077,4,3,823,8093,8917,8916,6776,2098,8923
52,0,0,0,0,10000,1077,8923,8923,1077,1,5,677,8240,8919,8916,6776,2098,8923
53,0,0,0,0,10000,1077,8923,8923,1077,0,4,543,8376,8922,8917,6776,2098,8923
54,0,0,0,0,10000,1077,8923,8923,1077,0,1,460,8462,8923,8919,6776,2098,8923
55,0,0,0,0,10000,1077,8923,8923,1077,0,0,379,8544,8923,8922,6776,2098,8923
56,0,0,0,0,10000,1077,8923,8923,1077,0,0,310,8613,8923,8923,6776,2098,8923
57,0,0,0,0,10000,1077,8923,8923,1077,0,0,244,8679,8923,8923,6776,2098,8923
58,0,0,0,0,10000,1077,8923,8923,1077,0,0,205,8718,8923,8923,6776,2098,8923
59,0,0,0,0,10000,1077,8923,8923,1077,0,0,160,8763,8923,8923,6776,2098,8923
0,0,0,0,0,10000,9995,5,5,9995,4,1,0,0,0,0,1,0,5
1,0,0,0,0,10000,9990,10,10,9990,7,3,0,0,1,0,2,1,10
2,0,0,0,0,10000,9980,20,20,9980,14,5,1,0,3,0,3,4,20
3,0,0,0,0,10000,9969,31,31,9969,20,8,3,0,6,1,10,5,31
4,0,0,0,0,10000,9946,54,54,9947,37,10,6,0,11,3,27,9,54
5,0,0,0,0,10000,9905,95,95,9907,57,25,11,0,16,6,57,14,95
6,0,0,0,0,10000,9871,129,129,9873,70,41,16,0,36,11,80,23,129
7,0,0,0,0,10000,9808,192,192,9813,114,37,36,0,57,16,123,41,192
8,0,0,0,0,10000,9713,287,287,9720,169,54,57,0,73,36,196,59,287
9,0,0,0,0,10000,9576,424,424,9582,249,96,73,0,111,57,304,85,424
10,0,0,0,0,10000,9382,618,618,9404,350,135,111,0,169,73,456,124,618
11,0,0,0,0,10000,9088,912,912,9115,514,202,169,0,246,111,672,201,912
12,0,0,0,0,10000,8745,1255,1255,8764,683,307,246,0,371,169,910,304,1255
13,0,0,0,0,10000,8358,1642,1642,8382,839,408,371,0,553,246,1170,428,1642
14,0,0,0,0,10000,7700,2300,2300,7740,1216,491,552,1,779,371,1663,592,2300
15,0,0,0,0,10000,6923,3077,3077,6975,1570,676,778,1,1044,553,2262,770,3077
16,0,0,0,0,10000,6004,3996,3996,6069,1977,910,1042,2,1455,779,2981,967,3996
17,0,0,0,0,10000,4942,5058,5058,5022,2395,1128,1452,3,1954,1044,3773,1235,5058
18,0,0,0,0,10000,3920,6080,6080,3975,2706,1365,1947,7,2583,1455,4547,1483,6080
19,0,0,0,0,10000,3128,6872,6872,3185,2641,1591,2571,12,3319,1954,5143,1678,6872
20,0,0,0,0,10000,2461,7539,7539,2509,2497,1675,3302,17,4174,2583,5634,1853,7539
21,0,0,0,0,10000,1743,8257,8257,1786,2410,1630,4141,33,4994,3319,6202,2003,8257
22,0,0,0,0,10000,1198,8802,8802,1221,2096,1689,4955,39,5804,4174,6628,2122,8802
23,0,0,0,0,10000,799,9201,9201,814,1703,1679,5753,51,6683,4994,6953,2196,9201
24,0,0,0,0,10000,511,9489,9489,525,1394,1398,6606,77,7483,5804,7172,2265,9489
25,0,0,0,0,10000,339,9661,9661,345,1072,1100,7373,110,8081,6683,7314,2295,9661
26,0,0,0,0,10000,230,9770,9770,240,770,909,7906,175,8583,7483,7396,2322,9770
27,0,0,0,0,10000,154,9846,9846,160,540,717,8317,266,8990,8081,7453,2341,9846
28,0,0,0,0,10000,114,9886,9886,118,354,538,8611,379,9300,8583,7479,2355,9886
29,0,0,0,0,10000,71,9929,9929,71,254,375,8796,504,9528,8990,7513,2364,9929
30,0,0,0,0,10000,47,9953,9953,47,171,254,8841,687,9675,9300,7534,2367,9953
31,0,0,0,0,10000,29,9971,9971,30,118,177,8767,908,9782,9528,7549,2370,9971
32,0,0,0,0,10000,22,9978,9978,23,78,117,8591,1191,9852,9675,7553,2373,9978
33,0,0,0,0,10000,16,9984,9984,16,57,75,8248,1604,9899,9782,7559,2373,9984
34,0,0,0,0,10000,13,9987,9987,13,36,52,7853,2046,9927,9852,7560,2375,9987
35,0,0,0,0,10000,10,9990,9990,10,25,38,7425,2502,9951,9899,7562,2376,9990
36,0,0,0,0,10000,8,9992,9992,8,12,29,6948,3003,9965,9927,7564,2376,9992
37,0,0,0,0,10000,7,9993,9993,7,8,20,6434,3531,9980,9951,7565,2376,9993
38,0,0,0,0,10000,6,9994,9994,6,7,7,5853,4127,9985,9965,7566,2376,9994
39,0,0,0,0,10000,4,9996,9996,4,6,5,5264,4721,9987,9980,7568,2376,9996
40,0,0,0,0,10000,4,9996,9996,4,4,5,4706,5281,9990,9985,7568,2376,9996
41,0,0,0,0,10000,4,9996,9996,4,2,4,4139,5851,9992,9987,7568,2376,9996
42,0,0,0,0,10000,4,9996,9996,4,1,3,3610,6382,9994,9990,7568,2376,9996
43,0,0,0,0,10000,3,9997,9997,3,2,1,3102,6892,9995,9992,7569,2376,9997
44,0,0,0,0,10000,3,9997,9997,3,0,2,2574,7421,9995,9994,7569,2376,9997
45,0,0,0,0,10000,3,9997,9997,3,0,2,2097,7898,9997,9995,7569,2376,9997
46,0,0,0,0,10000,3,9997,9997,3,0,0,1681,8316,9997,9995,7569,2376,9997
47,0,0,0,0,10000,3,9997,9997,3,0,0,1271,8726,9997,9997,7569,2376,9997
48,0,0,0,0,10000,3,9997,9997,3,0,0,971,9026,9997,9997,7569,2376,9997
49,0,0,0,0,10000,3,9997,9997,3,0,0,713,9284,9997,9997,7569,2376,9997
50,0,0,0,0,10000,3,9997,9997,3,0,0,513,9484,9997,9997,7569,2376,9997
51,0,0,0,0,10000,3,9997,9997,3,0,0,346,9651,9997,9997,7569,2376,9997
52,0,0,0,0,10000,3,9997,9997,3,0,0,228,9769,9997,9997,7569,2376,9997
53,0,0,0,0,10000,3,9997,9997,3,0,0,149,9848,9997,9997,7569,2376,9997
54,0,0,0,0,10000,3,9997,9997,3,0,0,105,9892,9997,9997,7569,2376,9997
55,0,0,0,0,10000,3,9997,9997,3,0,0,62,9935,9997,9997,7569,2376,9997
56,0,0,0,0,10000,3,9997,9997,3,0,0,46,9951,9997,9997,7569,2376,9997
57,0,0,0,0,10000,3,9997,9997,3,0,0,32,9965,9997,9997,7569,2376,9997
58,0,0,0,0,10000,3,9997,9997,3,0,0,23,9974,9997,9997,7569,2376,9997
59,0,0,0,0,10000,3,9997,9997,3,0,0,16,9981,9997,9997,7569,2376,9997
0,0,0,0,0,10000,9987,13,13,9989,9,2,0,0,0,0,9,1,13
1,0,0,0,0,10000,9960,40,40,9960,34,6,0,0,2,0,29,5,40
2,0,0,0,0,10000,9903,97,97,9909,73,16,2,0,6,0,72,17,97
3,0,0,0,0,10000,9771,229,229,9779,178,37,6,0,18,2,170,49,229
4,0,0,0,0,10000,9466,534,534,9490,400,92,18,0,43,6,389,134,534
5,0,0,0,0,10000,8999,1001,1001,9040,697,220,43,0,110,18,694,293,1001
6,0,0,0,0,10000,8427,1573,1573,8460,1053,377,110,0,263,43,1061,496,1573
7,0,0,0,0,10000,7006,2994,2994,7093,2121,523,263,0,487,110,2145,830,2994
8,0,0,0,0,10000,4980,5020,5020,5097,3361,1055,487,0,786,263,3702,1297,5020
9,0,0,0,0,10000,3053,6947,6947,3185,4133,1896,786,0,1542,487,5214,1710,6947
10,0,0,0,0,10000,1560,8440,8440,1634,4428,2396,1542,0,2682,786,6372,2045,8440
11,0,0,0,0,10000,733,9267,9267,765,4247,2306,2682,0,3938,1542,7037,2207,9267
12,0,0,0,0,10000,398,9602,9602,420,3386,2256,3938,0,4988,2682,7275,2304,9602
13,0,0,0,0,10000,218,9782,9782,224,2359,2429,4988,0,6194,3938,7403,2356,9782
14,0,0,0,0,10000,93,9907,9907,97,1464,2245,6194,0,7417,4988,7491,2393,9907
15,0,0,0,0,10000,42,9958,9958,42,717,1824,7416,1,8439,6194,7534,2401,9958
16,0,0,0,0,10000,16,9984,9984,16,337,1208,8438,1,9241,7417,7556,2405,9984
17,0,0,0,0,10000,4,9996,9996,5,197,557,9233,8,9647,8439,7565,2408,9996
18,0,0,0,0,10000,1,9999,9999,1,108,244,9621,26,9798,9241,7567,2409,9999
19,0,0,0,0,10000,1,9999,9999,1,44,157,9735,63,9891,9647,7567,2409,9999
20,0,0,0,0,10000,0,10000,10000,0,23,86,9763,128,9955,9798,7568,2409,10000
21,0,0,0,0,10000,0,10000,10000,0,8,37,9733,222,9977,9891,7568,2409,10000
22,0,0,0,0,10000,0,10000,10000,0,2,21,9555,422,9992,9955,7568,2409,10000
23,0,0,0,0,10000,0,10000,10000,0,0,8,9253,739,9998,9977,7568,2409,10000
24,0,0,0,0,10000,0,10000,10000,0,0,2,8821,1177,10000,9992,7568,2409,10000
25,0,0,0,0,10000,0,10000,10000,0,0,0,8282,1718,10000,9998,7568,2409,10000
26,0,0,0,0,10000,0,10000,10000,0,0,0,7719,2281,10000,10000,7568,2409,10000
27,0,0,0,0,10000,0,10000,10000,0,0,0,7090,2910,10000,10000,7568,2409,10000
28,0,0,0,0,10000,0,10000,10000,0,0,0,6505,3495,10000,10000,7568,2409,10000
29,0,0,0,0,10000,0,10000,10000,0,0,0,5891,4109,10000,10000,7568,2409,10000
30,0,0,0,0,10000,0,10000,10000,0,0,0,5270,4730,10000,10000,7568,2409,10000
31,0,0,0,0,10000,0,10000,10000,0,0,0,4656,5344,10000,10000,7568,2409,10000
32,0,0,0,0,10000,0,10000,10000,0,0,0,4013,5987,10000,10000,7568,2409,10000
33,0,0,0,0,10000,0,10000,10000,0,0,0,3420,6580,10000,10000,7568,2409,10000
34,0,0,0,0,10000,0,10000,10000,0,0,0,2829,7171,10000,10000,7568,2409,10000
35,0,0,0,0,10000,0,10000,10000,0,0,0,2247,7753,10000,10000,7568,2409,10000
36,0,0,0,0,10000,0,10000,10000,0,0,0,1697,8303,10000,10000,7568,2409,10000
37,0,0,0,0,10000,0,10000,10000,0,0,0,1175,8825,10000,10000,7568,2409,10000
38,0,0,0,0,10000,0,10000,10000,0,0,0,695,9305,10000,10000,7568,2409,10000
39,0,0,0,0,10000,0,10000,10000,0,0,0,393,9607,10000,10000,7568,2409,10000
40,0,0,0,0,10000,0,10000,10000,0,0,0,199,9801,10000,10000,7568,2409,10000
41,0,0,0,0,10000,0,10000,10000,0,0,0,104,9896,10000,10000,7568,2409,10000
42,0,0,0,0,10000,0,10000,10000,0,0,0,47,9953,10000,10000,7568,2409,10000
43,0,0,0,0,10000,0,10000,10000,0,0,0,27,9973,10000,10000,7568,2409,10000
44,0,0,0,0,10000,0,10000,10000,0,0,0,17,9983,10000,10000,7568,2409,10000
45,0,0,0,0,10000,0,10000,10000,0,0,0,7,9993,10000,10000,7568,2409,10000
46,0,0,0,0,10000,0,10000,10000,0,0,0,3,9997,10000,10000,7568,2409,10000
47,0,0,0,0,10000,0,10000,10000,0,0,0,0,10000,10000,10000,7568,2409,10000
48,0,0,0,0,10000,0,10000,10000,0,0,0,0,10000,10000,10000,7568,2409,10000
49,0,0,0,0,10000,0,10000,10000,0,0,0,0,10000,10000,10000,7568,2409,10000
50,0,0,0,0,10000,0,10000,10000,0,0,0,0,10000,10000,10000,7568,2409,10000
51,0,0,0,0,10000,0,10000,10000,0,0,0,0,10000,10000,10000,7568,2409,10000
52,0,0,0,0,10000,0,10000,10000,0,0,0,0,10000,10000,10000,7568,2409,10000
53,0,0,0,0,10000,0,10000,10000,0,0,0,0,10000,10000,10000,7568,2409,10000
54,0,0,0,0,10000,0,10000,10000,0,0,0,0,10000,10000,10000,7568,2409,10000
55,0,0,0,0,10000,0,10000,10000,0,0,0,0,10000,10000,10000,7568,2409,10000
56,0,0,0,0,10000,0,10000,10000,0,0,0,0,10000,10000,10000,7568,2409,10000
57,0,0,0,0,10000,0,10000,10000,0,0,0,0,10000,10000,10000,7568,2409,10000
58,0,0,0,0,10000,0,10000,10000,0,0,0,0,10000,10000,10000,7568,2409,10000
59,0,0,0,0,10000,0,10000,10000,0,0,0,0,10000,10000,10000,7568,2409,10000
0,0,0,0,0,10000,9514,486,486,9521,347,132,0,0,0,0,155,35,486
1,0,0,0,0,10000,9271,729,729,9296,476,228,0,0,132,0,351,82,729
2,0,0,0,0,10000,8877,1123,1123,8902,753,213,132,0,228,0,645,182,1123
3,0,0,0,0,10000,8369,1631,1631,8404,1040,328,228,0,345,132,1038,297,1631
4,0,0,0,0,10000,7712,2288,2288,7758,1290,607,345,0,556,228,1535,457,2288
5,0,0,0,0,10000,7034,2966,2966,7085,1534,825,556,0,952,345,2018,652,2966
6,0,0,0,0,10000,6269,3731,3731,6331,1830,887,952,0,1381,556,2557,878,3731
7,0,0,0,0,10000,5205,4795,4795,5263,2366,990,1381,0,1839,952,3378,1121,4795
8,0,0,0,0,10000,4067,5933,5933,4134,2715,1312,1839,0,2371,1381,4258,1379,5933
9,0,0,0,0,10000,3077,6923,6923,3133,2815,1681,2371,0,3151,1839,5037,1590,6923
10,0,0,0,0,10000,2215,7785,7785,2257,2796,1796,3151,0,4052,2371,5702,1787,7785
11,0,0,0,0,10000,1508,8492,8492,1543,2674,1731,4052,0,4947,3151,6254,1942,8492
12,0,0,0,0,10000,1089,8911,8911,1125,2179,1749,4947,0,5783,4052,6569,2046,8911
13,0,0,0,0,10000,795,9205,9205,813,1686,1718,5783,0,6696,4947,6785,2124,9205
14,0,0,0,0,10000,503,9497,9497,512,1367,1425,6677,19,7501,5783,7022,2179,9497
15,0,0,0,0,10000,319,9681,9681,328,994,1177,7441,60,8121,6696,7165,2220,9681
16,0,0,0,0,10000,204,9796,9796,213,668,998,8017,104,8678,7501,7255,2245,9796
17,0,0,0,0,10000,135,9865,9865,138,497,687,8497,181,9119,8121,7314,2255,9865
18,0,0,0,0,10000,87,9913,9913,93,359,429,8859,260,9365,8678,7357,2260,9913
19,0,0,0,0,10000,57,9943,9943,59,215,361,8962,403,9548,9119,7381,2266,9943
20,0,0,0,0,10000,48,9952,9952,48,134,270,8960,588,9726,9365,7387,2269,9952
21,0,0,0,0,10000,31,9969,9969,31,93,150,8897,829,9818,9548,7401,2272,9969
22,0,0,0,0,10000,17,9983,9983,17,69,96,8679,1139,9876,9726,7415,2272,9983
23,0,0,0,0,10000,8,9992,9992,8,49,67,8361,1515,9914,9818,7423,2273,9992
24,0,0,0,0,10000,5,9995,9995,5,33,48,7943,1971,9943,9876,7425,2274,9995
25,0,0,0,0,10000,3,9997,9997,3,28,26,7476,2467,9962,9914,7427,2274,9997
26,0,0,0,0,10000,3,9997,9997,3,17,18,6975,2987,9969,9943,7427,2274,9997
27,0,0,0,0,10000,3,9997,9997,3,5,23,6446,3523,9980,9962,7427,2274,9997
28,0,0,0,0,10000,3,9997,9997,3,3,14,5916,4064,9992,9969,7427,2274,9997
29,0,0,0,0,10000,2,9998,9998,2,2,4,5375,4617,9994,9980,7427,2275,9998
30,0,0,0,0,10000,2,9998,9998,2,1,3,4789,5205,9996,9992,7427,2275,9998
31,0,0,0,0,10000,1,9999,9999,1,2,1,4196,5800,9997,9994,7427,2276,9999
32,0,0,0,0,10000,1,9999,9999,1,1,1,3638,6359,9997,9996,7427,2276,9999
33,0,0,0,0,10000,1,9999,9999,1,1,1,3050,6947,9998,9997,7427,2276,9999
34,0,0,0,0,10000,1,9999,9999,1,0,1,2542,7456,9998,9997,7427,2276,9999
35,0,0,0,0,10000,1,9999,9999,1,0,1,2072,7926,9999,9998,7427,2276,9999
36,0,0,0,0,10000,1,9999,9999,1,0,0,1597,8402,9999,9998,7427,2276,9999
37,0,0,0,0,10000,1,9999,9999,1,0,0,1212,8787,9999,9999,7427,2276,9999
38,0,0,0,0,10000,1,9999,9999,1,0,0,881,9118,9999,9999,7427,2276,9999
39,0,0,0,0,10000,1,9999,9999,1,0,0,622,9377,9999,9999,7427,2276,9999
40,0,0,0,0,10000,1,9999,9999,1,0,0,438,9561,9999,9999,7427,2276,9999
41,0,0,0,0,10000,1,9999,9999,1,0,0,294,9705,9999,9999,7427,2276,9999
42,0,0,0,0,10000,1,9999,9999,1,0,0,195,9804,9999,9999,7427,2276,9999
43,0,0,0,0,10000,1,9999,9999,1,0,0,135,9864,9999,9999,7427,2276,9999
44,0,0,0,0,10000,1,9999,9999,1,0,0,86,9913,9999,9999,7427,2276,9999
45,0,0,0,0,10000,1,9999,9999,1,0,0,58,9941,9999,9999,7427,2276,9999
46,0,0,0,0,10000,1,9999,9999,1,0,0,41,9958,9999,9999,7427,2276,9999
47,0,0,0,0,10000,1,9999,9999,1,0,0,26,9973,9999,9999,7427,2276,9999
48,0,0,0,0,10000,1,9999,9999,1,0,0,15,9984,9999,9999,7427,2276,9999
49,0,0,0,0,10000,1,9999,9999,1,0,0,12,9987,9999,9999,7427,2276,9999
50,0,0,0,0,10000,1,9999,9999,1,0,0,10,9989,9999,9999,7427,2276,9999
51,0,0,0,0,10000,1,9999,9999,1,0,0,7,9992,9999,9999,7427,2276,9999
52,0,0,0,0,10000,1,9999,9999,1,0,0,4,9995,9999,9999,7427,2276,9999
53,0,0,0,0,10000,1,9999,9999,1,0,0,1,9998,9999,9999,7427,2276,9999
54,0,0,0,0,10000,1,9999,9999,1,0,0,1,9998,9999,9999,7427,2276,9999
55,0,0,0,0,10000,1,9999,9999,1,0,0,1,9998,9999,9999,7427,2276,9999
56,0,0,0,0,10000,1,9999,9999,1,0,0,1,9998,9999,9999,7427,2276,9999
57,0,0,0,0,10000,1,9999,9999,1,0,0,1,9998,9999,9999,7427,2276,9999
58,0,0,0,0,10000,1,9999,9999,1,0,0,1,9998,9999,9999,7427,2276,9999
59,0,0,0,0,10000,1,9999,9999,1,0,0,1,9998,9999,9999,7427,2276,9999
0,0,0,0,0,10000,9995,5,5,9995,5,0,0,0,0,0,3,0,5
1,0,0,0,0,10000,9991,9,9,9991,8,1,0,0,0,0,5,1,9
2,0,0,0,0,10000,9985,15,15,9985,13,2,0,0,1,0,8,2,15
3,0,0,0,0,10000,9975,25,25,9977,19,3,1,0,2,0,15,4,25
4,0,0,0,0,10000,9953,47,47,9953,36,9,2,0,4,1,32,5,47
5,0,0,0,0,10000,9924,76,76,9926,54,16,4,0,11,2,49,14,76
6,0,0,0,0,10000,9889,111,111,9892,74,23,11,0,20,4,75,21,111
7,0,0,0,0,10000,9816,184,184,9817,128,35,20,0,34,11,129,38,184
8,0,0,0,0,10000,9729,271,271,9734,166,66,34,0,55,20,201,50,271
9,0,0,0,0,10000,9584,416,416,9598,239,108,55,0,100,34,310,86,416
10,0,0,0,0,10000,9412,588,588,9420,341,139,100,0,163,55,438,129,588
11,0,0,0,0,10000,9118,882,882,9146,504,187,163,0,239,100,655,204,882
12,0,0,0,0,10000,8816,1184,1184,8842,644,275,239,0,350,163,870,288,1184
13,0,0,0,0,10000,8475,1525,1525,8504,771,375,350,0,514,239,1097,400,1525
14,0,0,0,0,10000,7956,2044,2044,7990,1059,437,514,0,725,350,1502,512,2044
15,0,0,0,0,10000,7354,2646,2646,7397,1320,558,725,0,951,514,1957,656,2646
16,0,0,0,0,10000,6606,3394,3394,6646,1631,772,951,0,1283,725,2533,828,3394
17,0,0,0,0,10000,5795,4205,4205,5840,1932,945,1282,1,1723,951,3130,1039,4205
18,0,0,0,0,10000,4947,5053,5053,4987,2185,1105,1719,4,2228,1283,3783,1232,5053
19,0,0,0,0,10000,4196,5804,5804,4255,2210,1307,2216,12,2828,1723,4313,1449,5804
20,0,0,0,0,10000,3534,6466,6466,3586,2187,1399,2809,19,3535,2228,4786,1636,6466
21,0,0,0,0,10000,2856,7144,7144,2893,2168,1404,3509,26,4227,2828,5315,1785,7144
22,0,0,0,0,10000,2191,7809,7809,2233,2079,1461,4190,37,4939,3535,5834,1931,7809
23,0,0,0,0,10000,1625,8375,8375,1659,1910,1492,4892,47,5688,4227,6288,2043,8375
24,0,0,0,0,10000,1142,8858,8858,1167,1741,1404,5619,69,6431,4939,6662,2152,8858
25,0,0,0,0,10000,779,9221,9221,796,1548,1225,6321,110,7092,5688,6949,2228,9221
26,0,0,0,0,10000,572,9428,9428,586,1238,1084,6926,166,7656,6431,7097,2287,9428
27,0,0,0,0,10000,405,9595,9595,421,940,983,7413,243,8176,7092,7229,2322,9595
28,0,0,0,0,10000,264,9736,9736,274,734,816,7841,335,8639,7656,7339,2353,9736
29,0,0,0,0,10000,174,9826,9826,180,503,678,8165,474,8992,8176,7409,2373,9826
30,0,0,0,0,10000,113,9887,9887,118,357,533,8370,622,9317,8639,7458,2385,9887
31,0,0,0,0,10000,69,9931,9931,72,261,350,8501,816,9525,8992,7497,2390,9931
32,0,0,0,0,10000,49,9951,9951,50,179,246,8438,1087,9667,9317,7513,2394,9951
33,0,0,0,0,10000,36,9964,9964,36,120,177,8259,1408,9771,9525,7522,2398,9964
34,0,0,0,0,10000,27,9973,9973,27,76,126,7984,1787,9844,9667,7528,2401,9973
35,0,0,0,0,10000,22,9978,9978,23,47,86,7649,2195,9897,9771,7533,2401,9978
36,0,0,0,0,10000,15,9985,9985,15,30,58,7261,2636,9930,9844,7539,2402,9985
37,0,0,0,0,10000,9,9991,9991,9,23,38,6825,3105,9955,9897,7542,2405,9991
38,0,0,0,0,10000,4,9996,9996,4,18,23,6315,3640,9968,9930,7547,2405,9996
39,0,0,0,0,10000,3,9997,9997,3,14,15,5792,4176,9978,9955,7548,2405,9997
40,0,0,0,0,10000,3,9997,9997,3,10,9,5292,4686,9983,9968,7548,2405,9997
41,0,0,0,0,10000,2,9998,9998,2,8,7,4756,5227,9987,9978,7548,2406,9998
42,0,0,0,0,10000,1,9999,9999,1,4,8,4227,5760,9990,9983,7549,2406,9999
43,0,0,0,0,10000,1,9999,9999,1,0,9,3680,6310,9995,9987,7549,2406,9999
44,0,0,0,0,10000,0,10000,10000,0,1,4,3175,6820,9999,9990,7550,2406,10000
45,0,0,0,0,10000,0,10000,10000,0,1,0,2672,7327,9999,9995,7550,2406,10000
46,0,0,0,0,10000,0,10000,10000,0,1,0,2213,7786,9999,9999,7550,2406,10000
47,0,0,0,0,10000,0,10000,10000,0,1,0,1832,8167,9999,9999,7550,2406,10000
48,0,0,0,0,10000,0,10000,10000,0,1,0,1457,8542,9999,9999,7550,2406,10000
49,0,0,0,0,10000,0,10000,10000,0,0,1,1145,8854,9999,9999,7550,2406,10000
50,0,0,0,0,10000,0,10000,10000,0,0,1,872,9127,10000,9999,7550,2406,10000
51,0,0,0,0,10000,0,10000,10000,0,0,0,651,9349,10000,9999,7550,2406,10000
52,0,0,0,0,10000,0,10000,10000,0,0,0,462,9538,10000,10000,7550,2406,10000
53,0,0,0,0,10000,0,10000,10000,0,0,0,321,9679,10000,10000,7550,2406,10000
54,0,0,0,0,10000,0,10000,10000,0,0,0,220,9780,10000,10000,7550,2406,10000
55,0,0,0,0,10000,0,10000,10000,0,0,0,157,9843,10000,10000,7550,2406,10000
56,0,0,0,0,10000,0,10000,10000,0,0,0,105,9895,10000,10000,7550,2406,10000
57,0,0,0,0,10000,0,10000,10000,0,0,0,78,9922,10000,10000,7550,2406,10000
58,0,0,0,0,10000,0,10000,10000,0,0,0,55,9945,10000,10000,7550,2406,10000
59,0,0,0,0,10000,0,10000,10000,0,0,0,36,9964,10000,10000,7550,2406,10000
0,0,0,0,0,10000,9999,1,1,9999,0,1,0,0,0,0,0,0,1
1,0,0,0,0,10000,9996,4,4,9996,2,2,0,0,1,0,1,0,4
2,0,0,0,0,10000,9989,11,11,9989,8,2,1,0,2,0,4,2,11
3,0,0,0,0,10000,9977,23,23,9978,19,1,2,0,3,1,12,4,23
4,0,0,0,0,10000,9952,48,48,9955,35,7,3,0,3,2,28,9,48
5,0,0,0,0,10000,9921,79,79,9922,54,21,3,0,10,3,45,18,79
6,0,0,0,0,10000,9881,119,119,9882,81,27,10,0,24,3,70,30,119
7,0,0,0,0,10000,9824,176,176,9827,107,42,24,0,37,10,115,40,176
8,0,0,0,0,10000,9711,289,289,9726,177,60,37,0,66,24,203,63,289
9,0,0,0,0,10000,9568,432,432,9580,258,96,66,0,97,37,316,92,432
10,0,0,0,0,10000,9332,668,668,9350,400,153,97,0,162,66,499,144,668
11,0,0,0,0,10000,9006,994,994,9029,598,211,162,0,250,97,754,213,994
12,0,0,0,0,10000,8644,1356,1356,8680,744,326,250,0,373,162,997,329,1356
13,0,0,0,0,10000,8249,1751,1751,8273,905,449,373,0,576,250,1281,439,1751
14,0,0,0,0,10000,7548,2452,2452,7591,1306,527,576,0,822,373,1830,590,2452
15,0,0,0,0,10000,6696,3304,3304,6753,1711,714,822,0,1103,576,2488,784,3304
16,0,0,0,0,10000,5676,4324,4324,5744,2124,1029,1103,0,1536,822,3272,1020,4324
17,0,0,0,0,10000,4645,5355,5355,4717,2467,1280,1536,0,2132,1103,4078,1245,5355
18,0,0,0,0,10000,3551,6449,6449,3603,2826,1439,2128,4,2816,1536,4943,1471,6449
19,0,0,0,0,10000,2748,7252,7252,2811,2682,1691,2808,8,3571,2132,5526,1689,7252
20,0,0,0,0,10000,2125,7875,7875,2159,2506,1764,3556,15,4507,2816,5970,1868,7875
21,0,0,0,0,10000,1459,8541,8541,1491,2322,1680,4483,24,5335,3571,6485,2019,8541
22,0,0,0,0,10000,987,9013,9013,1011,1996,1658,5298,37,6187,4507,6834,2142,9013
23,0,0,0,0,10000,641,9359,9359,651,1571,1591,6135,52,6993,5335,7101,2221,9359
24,0,0,0,0,10000,424,9576,9576,434,1254,1319,6913,80,7778,6187,7280,2259,9576
25,0,0,0,0,10000,270,9730,9730,278,987,957,7660,118,8312,6993,7410,2283,9730
26,0,0,0,0,10000,194,9806,9806,198,669,821,8119,193,8735,7778,7466,2303,9806
27,0,0,0,0,10000,143,9857,9857,150,438,677,8451,284,9133,8312,7501,2319,9857
28,0,0,0,0,10000,91,9909,9909,94,291,482,8739,394,9412,8735,7541,2331,9909
29,0,0,0,0,10000,63,9937,9937,65,185,338,8873,539,9615,9133,7560,2340,9937
30,0,0,0,0,10000,41,9959,9959,41,115,229,8857,758,9750,9412,7578,2344,9959
31,0,0,0,0,10000,28,9972,9972,28,85,137,8713,1037,9844,9615,7588,2347,9972
32,0,0,0,0,10000,14,9986,9986,14,60,82,8485,1359,9887,9750,7600,2349,9986
33,0,0,0,0,10000,8,9992,9992,8,42,63,8090,1797,9926,9844,7605,2350,9992
34,0,0,0,0,10000,6,9994,9994,7,32,35,7693,2233,9950,9887,7606,2351,9994
35,0,0,0,0,10000,4,9996,9996,4,22,24,7204,2746,9961,9926,7607,2352,9996
36,0,0,0,0,10000,4,9996,9996,4,13,22,6665,3296,9974,9950,7607,2352,9996
37,0,0,0,0,10000,3,9997,9997,3,6,17,6136,3838,9983,9961,7607,2353,9997
38,0,0,0,0,10000,3,9997,9997,3,2,12,5566,4417,9991,9974,7607,2353,9997
39,0,0,0,0,10000,3,9997,9997,3,2,4,5018,4973,9995,9983,7607,2353,9997
40,0,0,0,0,10000,3,9997,9997,3,1,1,4413,5582,9995,9991,7607,2353,9997
41,0,0,0,0,10000,3,9997,9997,3,1,1,3880,6115,9996,9995,7607,2353,9997
42,0,0,0,0,10000,1,9999,9999,1,2,1,3305,6691,9996,9995,7608,2354,9999
43,0,0,0,0,10000,1,9999,9999,1,1,2,2759,7237,9997,9996,7608,2354,9999
44,0,0,0,0,10000,1,9999,9999,1,1,1,2310,7687,9998,9996,7608,2354,9999
45,0,0,0,0,10000,1,9999,9999,1,1,0,1839,8159,9998,9997,7608,2354,9999
46,0,0,0,0,10000,1,9999,9999,1,1,0,1416,8582,9998,9998,7608,2354,9999
47,0,0,0,0,10000,1,9999,9999,1,0,1,1084,8914,9998,9998,7608,2354,9999
48,0,0,0,0,10000,1,9999,9999,1,0,1,799,9199,9999,9998,7608,2354,9999
49,0,0,0,0,10000,1,9999,9999,1,0,0,585,9414,9999,9998,7608,2354,9999
50,0,0,0,0,10000,1,9999,9999,1,0,0,410,9589,9999,9999,7608,2354,9999
51,0,0,0,0,10000,1,9999,9999,1,0,0,270,9729,9999,9999,7608,2354,9999
52,0,0,0,0,10000,1,9999,9999,1,0,0,168,9831,9999,9999,7608,2354,9999
53,0,0,0,0,10000,1,9999,9999,1,0,0,120,9879,9999,9999,7608,2354,9999
54,0,0,0,0,10000,1,9999,9999,1,0,0,77,9922,9999,9999,7608,2354,9999
55,0,0,0,0,10000,1,9999,9999,1,0,0,43,9956,9999,9999,7608,2354,9999
56,0,0,0,0,10000,1,9999,9999,1,0,0,30,9969,9999,9999,7608,2354,9999
57,0,0,0,0,10000,1,9999,9999,1,0,0,21,9978,9999,9999,7608,2354,9999
58,0,0,0,0,10000,1,9999,9999,1,0,0,12,9987,9999,9999,7608,2354,9999
59,0,0,0,0,10000,1,9999,9999,1,0,0,9,9990,9999,9999,7608,2354,9999
0,0,0,0,0,10000,9997,3,3,9997,2,1,0,0,0,0,0,0,3
1,0,0,0,0,10000,9990,10,10,9991,7,2,0,0,1,0,4,0,10
2,0,0,0,0,10000,9980,20,20,9980,14,5,1,0,2,0,7,3,20
3,0,0,0,0,10000,9967,33,33,9968,22,8,2,0,6,1,18,5,33
4,0,0,0,0,10000,9943,57,57,9944,38,12,6,0,10,2,33,10,57
5,0,0,0,0,10000,9923,77,77,9924,46,20,10,0,18,6,45,16,77
6,0,0,0,0,10000,9878,122,122,9880,74,28,18,0,30,10,80,24,122
7,0,0,0,0,10000,9815,185,185,9820,113,37,30,0,46,18,135,31,185
8,0,0,0,0,10000,9727,273,273,9729,157,68,46,0,67,30,198,52,273
9,0,0,0,0,10000,9602,398,398,9613,223,97,67,0,114,46,298,76,398
10,0,0,0,0,10000,9416,584,584,9435,335,116,114,0,164,67,442,114,584
11,0,0,0,0,10000,9201,799,799,9213,434,189,164,0,230,114,603,165,799
12,0,0,0,0,10000,8970,1030,1030,8991,525,254,230,0,353,164,774,224,1030
13,0,0,0,0,10000,8676,1324,1324,8694,662,291,353,0,484,230,985,306,1324
14,0,0,0,0,10000,8199,1801,1801,8224,930,362,484,0,644,353,1359,406,1801
15,0,0,0,0,10000,7706,2294,2294,7742,1088,526,644,0,846,484,1734,522,2294
16,0,0,0,0,10000,7109,2891,2891,7145,1321,688,845,1,1170,644,2185,665,2891
17,0,0,0,0,10000,6436,3564,3564,6478,1553,799,1168,2,1534,846,2704,818,3564
18,0,0,0,0,10000,5771,4229,4229,5814,1734,918,1529,5,1969,1170,3226,960,4229
19,0,0,0,0,10000,5212,4788,4788,5245,1735,1051,1962,7,2452,1534,3647,1097,4788
20,0,0,0,0,10000,4780,5220,5220,4804,1661,1083,2435,17,3020,1969,3952,1223,5220
21,0,0,0,0,10000,4240,5760,5760,4268,1683,1029,2993,27,3535,2452,4363,1352,5760
22,0,0,0,0,10000,3774,6226,6226,3797,1563,1105,3500,35,4049,3020,4744,1437,6226
23,0,0,0,0,10000,3298,6702,6702,3322,1458,1171,3992,57,4640,3535,5099,1558,6702
24,0,0,0,0,10000,2891,7109,7109,2913,1370,1077,4559,81,5220,4049,5419,1645,7109
25,0,0,0,0,10000,2512,7488,7488,2529,1320,931,5101,119,5717,4640,5731,1712,7488
26,0,0,0,0,10000,2277,7723,7723,2286,1098,899,5543,174,6151,5220,5902,1776,7723
27,0,0,0,0,10000,2059,7941,7941,2073,928,848,5920,231,6616,5717,6061,1835,7941
28,0,0,0,0,10000,1823,8177,8177,1829,833,722,6297,319,6999,6151,6244,1888,8177
29,0,0,0,0,10000,1599,8401,8401,1610,733,658,6555,444,7338,6616,6427,1929,8401
30,0,0,0,0,10000,1416,8584,8584,1424,631,607,6744,594,7657,6999,6575,1964,8584
31,0,0,0,0,10000,1267,8733,8733,1277,573,493,6875,782,7945,7338,6692,1996,8733
32,0,0,0,0,10000,1134,8866,8866,1138,520,397,6953,992,8150,7657,6799,2022,8866
33,0,0,0,0,10000,1015,8985,8985,1025,449,376,6919,1231,8342,7945,6888,2052,8985
34,0,0,0,0,10000,934,9066,9066,938,358,362,6851,1491,8526,8150,6937,2084,9066
35,0,0,0,0,10000,829,9171,9171,832,330,312,6714,1812,8704,8342,7022,2104,9171
36,0,0,0,0,10000,715,9285,9285,718,324,254,6532,2172,8838,8526,7117,2123,9285
37,0,0,0,0,10000,612,9388,9388,613,294,255,6277,2561,8958,8704,7200,2143,9388
38,0,0,0,0,10000,541,9459,9459,543,263,236,5999,2959,9093,8838,7254,2160,9459
39,0,0,0,0,10000,483,9517,9517,487,239,181,5696,3397,9194,8958,7303,2169,9517
40,0,0,0,0,10000,436,9564,9564,438,215,153,5331,3863,9274,9093,7337,2182,9564
41,0,0,0,0,10000,407,9593,9593,409,167,150,4997,4277,9347,9194,7357,2191,9593
42,0,0,0,0,10000,369,9631,9631,370,138,145,4626,4721,9424,9274,7388,2198,9631
43,0,0,0,0,10000,337,9663,9663,339,110,127,4275,5149,9492,9347,7410,2208,9663
44,0,0,0,0,10000,323,9677,9677,324,80,104,3881,5611,9551,9424,7422,2210,9677
45,0,0,0,0,10000,302,9698,9698,304,70,75,3495,6056,9596,9492,7439,2214,9698
46,0,0,0,0,10000,290,9710,9710,290,59,55,3126,6470,9626,9551,7449,2216,9710
47,0,0,0,0,10000,285,9715,9715,285,41,48,2808,6818,9651,9596,7453,2217,9715
48,0,0,0,0,10000,280,9720,9720,280,29,40,2472,7179,9674,9626,7457,2218,9720
49,0,0,0,0,10000,275,9725,9725,276,23,27,2182,7492,9691,9651,7459,2221,9725
50,0,0,0,0,10000,271,9729,9729,271,18,20,1926,7765,9701,9674,7463,2221,9729
51,0,0,0,0,10000,270,9730,9730,270,12,17,1659,8042,9711,9691,7463,2222,9730
52,0,0,0,0,10000,266,9734,9734,266,13,10,1452,8259,9718,9701,7466,2223,9734
53,0,0,0,0,10000,266,9734,9734,266,9,7,1265,8453,9721,9711,7466,2223,9734
54,0,0,0,0,10000,264,9736,9736,264,9,6,1091,8630,9725,9718,7466,2225,9736
55,0,0,0,0,10000,261,9739,9739,261,7,7,961,8764,9727,9721,7467,2227,9739
56,0,0,0,0,10000,259,9741,9741,259,6,8,837,8890,9732,9725,7469,2227,9741
57,0,0,0,0,10000,258,9742,9742,258,5,5,746,8986,9735,9727,7470,2227,9742
58,0,0,0,0,10000,256,9744,9744,256,7,2,645,9090,9737,9732,7471,2228,9744
59,0,0,0,0,10000,255,9745,9745,255,6,2,567,9170,9737,9735,7472,2228,9745
0,0,0,0,0,10000,9494,506,506,9512,355,133,0,0,0,0,178,34,506
1,0,0,0,0,10000,9239,761,761,9256,510,234,0,0,133,0,375,92,761
2,0,0,0,0,10000,8873,1127,1127,8899,753,215,133,0,234,0,672,161,1127
3,0,0,0,0,10000,8388,1612,1612,8418,1043,305,234,0,348,133,1056,262,1612
4,0,0,0,0,10000,7744,2256,2256,7792,1282,578,348,0,539,234,1556,406,2256
5,0,0,0,0,10000,7078,2922,2922,7125,1541,795,539,0,926,348,2021,607,2922
6,0,0,0,0,10000,6388,3612,3612,6445,1738,891,926,0,1334,539,2517,801,3612
7,0,0,0,0,10000,5382,4618,4618,5447,2197,1022,1334,0,1817,926,3309,1015,4618
8,0,0,0,0,10000,4313,5687,5687,4378,2518,1287,1817,0,2356,1334,4124,1269,5687
9,0,0,0,0,10000,3246,6754,6754,3313,2696,1635,2356,0,3104,1817,4956,1504,6754
10,0,0,0,0,10000,2352,7648,7648,2397,2727,1772,3104,0,3991,2356,5659,1695,7648
11,0,0,0,0,10000,1672,8328,8328,1702,2599,1708,3991,0,4876,3104,6212,1822,8328
12,0,0,0,0,10000,1228,8772,8772,1256,2160,1708,4876,0,5699,3991,6548,1930,8772
13,0,0,0,0,10000,892,9108,9108,903,1763,1635,5699,0,6584,4876,6800,2014,9108
14,0,0,0,0,10000,592,9408,9408,609,1388,1419,6565,19,7334,5699,7019,2095,9408
15,0,0,0,0,10000,373,9627,9627,381,1058,1227,7286,48,8003,6584,7196,2137,9627
16,0,0,0,0,10000,243,9757,9757,250,754,993,7899,104,8561,7334,7295,2168,9757
17,0,0,0,0,10000,163,9837,9837,166,547,726,8396,165,8996,8003,7359,2184,9837
18,0,0,0,0,10000,96,9904,9904,99,414,491,8722,274,9287,8561,7408,2202,9904
19,0,0,0,0,10000,68,9932,9932,69,272,372,8879,408,9487,8996,7427,2211,9932
20,0,0,0,0,10000,50,9950,9950,50,172,291,8881,606,9659,9287,7441,2215,9950
21,0,0,0,0,10000,33,9967,9967,34,107,200,8811,848,9778,9487,7456,2217,9967
22,0,0,0,0,10000,24,9976,9976,25,71,126,8650,1128,9859,9659,7464,2218,9976
23,0,0,0,0,10000,20,9980,9980,20,41,80,8383,1476,9904,9778,7467,2219,9980
24,0,0,0,0,10000,17,9983,9983,17,29,50,7978,1926,9939,9859,7470,2219,9983
25,0,0,0,0,10000,14,9986,9986,14,23,24,7563,2376,9954,9904,7473,2219,9986
26,0,0,0,0,10000,11,9989,9989,11,15,20,7030,2924,9963,9939,7476,2219,9989
27,0,0,0,0,10000,9,9991,9991,9,10,18,6478,3485,9974,9954,7478,2219,9991
28,0,0,0,0,10000,7,9993,9993,7,8,11,5924,4050,9981,9963,7479,2220,9993
29,0,0,0,0,10000,6,9994,9994,6,7,6,5387,4594,9985,9974,7480,2220,9994
30,0,0,0,0,10000,5,9995,9995,5,5,5,4807,5178,9987,9981,7481,2220,9995
31,0,0,0,0,10000,4,9996,9996,4,4,5,4208,5779,9990,9985,7482,2220,9996
32,0,0,0,0,10000,4,9996,9996,4,3,3,3619,6371,9992,9987,7482,2220,9996
33,0,0,0,0,10000,4,9996,9996,4,1,3,3082,6910,9993,9990,7482,2220,9996
34,0,0,0,0,10000,4,9996,9996,4,1,2,2579,7414,9995,9992,7482,2220,9996
35,0,0,0,0,10000,4,9996,9996,4,1,0,2135,7860,9995,9993,7482,2220,9996
36,0,0,0,0,10000,4,9996,9996,4,0,1,1700,8295,9995,9995,7482,2220,9996
37,0,0,0,0,10000,4,9996,9996,4,0,1,1308,8687,9996,9995,7482,2220,9996
38,0,0,0,0,10000,4,9996,9996,4,0,0,948,9048,9996,9995,7482,2220,9996
39,0,0,0,0,10000,4,9996,9996,4,0,0,679,9317,9996,9996,7482,2220,9996
40,0,0,0,0,10000,4,9996,9996,4,0,0,455,9541,9996,9996,7482,2220,9996
41,0,0,0,0,10000,4,9996,9996,4,0,0,312,9684,9996,9996,7482,2220,9996
42,0,0,0,0,10000,4,9996,9996,4,0,0,223,9773,9996,9996,7482,2220,9996
43,0,0,0,0,10000,4,9996,9996,4,0,0,156,9840,9996,9996,7482,2220,9996
44,0,0,0,0,10000,4,9996,9996,4,0,0,98,9898,9996,9996,7482,2220,9996
45,0,0,0,0,10000,4,9996,9996,4,0,0,63,9933,9996,9996,7482,2220,9996
46,0,0,0,0,10000,4,9996,9996,4,0,0,43,9953,9996,9996,7482,2220,9996
47,0,0,0,0,10000,4,9996,9996,4,0,0,26,9970,9996,9996,7482,2220,9996
48,0,0,0,0,10000,4,9996,9996,4,0,0,14,9982,9996,9996,7482,2220,9996
49,0,0,0,0,10000,4,9996,9996,4,0,0,9,9987,9996,9996,7482,2220,9996
50,0,0,0,0,10000,4,9996,9996,4,0,0,5,9991,9996,9996,7482,2220,9996
51,0,0,0,0,10000,4,9996,9996,4,0,0,5,9991,9996,9996,7482,2220,9996
52,0,0,0,0,10000,4,9996,9996,4,0,0,3,9993,9996,9996,7482,2220,9996
53,0,0,0,0,10000,4,9996,9996,4,0,0,2,9994,9996,9996,7482,2220,9996
54,0,0,0,0,10000,4,9996,9996,4,0,0,2,9994,9996,9996,7482,2220,9996
55,0,0,0,0,10000,4,9996,9996,4,0,0,0,9996,9996,9996,7482,2220,9996
56,0,0,0,0,10000,4,9996,9996,4,0,0,0,9996,9996,9996,7482,2220,9996
57,0,0,0,0,10000,4,9996,9996,4,0,0,0,9996,9996,9996,7482,2220,9996
58,0,0,0,0,10000,4,9996,9996,4,0,0,0,9996,9996,9996,7482,2220,9996
59,0,0,0,0,10000,4,9996,9996,4,0,0,0,9996,9996,9996,7482,2220,9996
0,0,0,0,0,10000,9999,1,1,9999,1,0,0,0,0,0,0,0,1
1,0,0,0,0,10000,9995,5,5,9995,5,0,0,0,0,0,2,1,5
2,0,0,0,0,10000,9987,13,13,9989,10,1,0,0,0,0,9,2,13
3,0,0,0,0,10000,9976,24,24,9977,17,6,0,0,1,0,18,2,24
4,0,0,0,0,10000,9939,61,61,9939,48,12,1,0,6,0,43,12,61
5,0,0,0,0,10000,9892,108,108,9898,67,29,6,0,13,1,76,24,108
6,0,0,0,0,10000,9825,175,175,9831,107,49,13,0,35,6,119,47,175
7,0,0,0,0,10000,9605,395,395,9619,286,60,35,0,62,13,285,99,395
8,0,0,0,0,10000,9177,823,823,9215,579,144,62,0,95,35,614,196,823
9,0,0,0,0,10000,8365,1635,1635,8430,1144,331,95,0,206,62,1234,387,1635
10,0,0,0,0,10000,7081,2919,2919,7164,1963,667,206,0,426,95,2204,700,2919
11,0,0,0,0,10000,5254,4746,4746,5391,3121,1062,426,0,873,206,3609,1121,4746
12,0,0,0,0,10000,3698,6302,6302,3815,3691,1621,873,0,1488,426,4733,1552,6302
13,0,0,0,0,10000,2501,7499,7499,2576,3860,2076,1488,0,2494,873,5592,1889,7499
14,0,0,0,0,10000,1215,8785,8785,1267,4135,2104,2493,1,3564,1488,6592,2175,8785
15,0,0,0,0,10000,525,9475,9475,546,3533,2357,3563,1,4598,2494,7137,2320,9475
16,0,0,0,0,10000,213,9787,9787,224,2577,2601,4597,1,5921,3564,7397,2372,9787
17,0,0,0,0,10000,90,9910,9910,94,1791,2194,5920,1,7199,4598,7494,2398,9910
18,0,0,0,0,10000,30,9970,9970,31,1190,1580,7196,3,8115,5921,7541,2411,9970
19,0,0,0,0,10000,16,9984,9984,17,562,1306,8105,10,8779,7199,7551,2415,9984
20,0,0,0,0,10000,12,9988,9988,12,233,976,8760,19,9421,8115,7553,2417,9988
21,0,0,0,0,10000,3,9997,9997,4,108,467,9395,26,9755,8779,7559,2420,9997
22,0,0,0,0,10000,0,10000,10000,0,51,194,9702,53,9888,9421,7562,2420,10000
23,0,0,0,0,10000,0,10000,10000,0,14,98,9783,105,9949,9755,7562,2420,10000
24,0,0,0,0,10000,0,10000,10000,0,9,42,9730,219,9986,9888,7562,2420,10000
25,0,0,0,0,10000,0,10000,10000,0,8,6,9595,391,9991,9949,7562,2420,10000
26,0,0,0,0,10000,0,10000,10000,0,1,8,9292,699,9992,9986,7562,2420,10000
27,0,0,0,0,10000,0,10000,10000,0,0,8,8879,1113,9999,9991,7562,2420,10000
28,0,0,0,0,10000,0,10000,10000,0,0,1,8447,1552,10000,9992,7562,2420,10000
29,0,0,0,0,10000,0,10000,10000,0,0,0,7934,2066,10000,9999,7562,2420,10000
30,0,0,0,0,10000,0,10000,10000,0,0,0,7320,2680,10000,10000,7562,2420,10000
31,0,0,0,0,10000,0,10000,10000,0,0,0,6744,3256,10000,10000,7562,2420,10000
32,0,0,0,0,10000,0,10000,10000,0,0,0,6131,3869,10000,10000,7562,2420,10000
33,0,0,0,0,10000,0,10000,10000,0,0,0,5535,4465,10000,10000,7562,2420,10000
34,0,0,0,0,10000,0,10000,10000,0,0,0,4935,5065,10000,10000,7562,2420,10000
35,0,0,0,0,10000,0,10000,10000,0,0,0,4323,5677,10000,10000,7562,2420,10000
36,0,0,0,0,10000,0,10000,10000,0,0,0,3699,6301,10000,10000,7562,2420,10000
37,0,0,0,0,10000,0,10000,10000,0,0,0,3038,6962,10000,10000,7562,2420,10000
38,0,0,0,0,10000,0,10000,10000,0,0,0,2463,7537,10000,10000,7562,2420,10000
39,0,0,0,0,10000,0,10000,10000,0,0,0,1875,8125,10000,10000,7562,2420,10000
40,0,0,0,0,10000,0,10000,10000,0,0,0,1323,8677,10000,10000,7562,2420,10000
41,0,0,0,0,10000,0,10000,10000,0,0,0,845,9155,10000,10000,7562,2420,10000
42,0,0,0,0,10000,0,10000,10000,0,0,0,519,9481,10000,10000,7562,2420,10000
43,0,0,0,0,10000,0,10000,10000,0,0,0,308,9692,10000,10000,7562,2420,10000
44,0,0,0,0,10000,0,10000,10000,0,0,0,149,9851,10000,10000,7562,2420,10000
45,0,0,0,0,10000,0,10000,10000,0,0,0,62,9938,10000,10000,7562,2420,10000
46,0,0,0,0,10000,0,10000,10000,0,0,0,22,9978,10000,10000,7562,2420,10000
47,0,0,0,0,10000,0,10000,10000,0,0,0,10,9990,10000,10000,7562,2420,10000
48,0,0,0,0,10000,0,10000,10000,0,0,0,2,9998,10000,10000,7562,2420,10000
49,0,0,0,0,10000,0,10000,10000,0,0,0,1,9999,10000,10000,7562,2420,10000
50,0,0,0,0,10000,0,10000,10000,0,0,0,0,10000,10000,10000,7562,2420,10000
51,0,0,0,0,10000,0,10000,10000,0,0,0,0,10000,10000,10000,7562,2420,10000
52,0,0,0,0,10000,0,10000,10000,0,0,0,0,10000,10000,10000,7562,2420,10000
53,0,0,0,0,10000,0,10000,10000,0,0,0,0,10000,10000,10000,7562,2420,10000
54,0,0,0,0,10000,0,10000,10000,0,0,0,0,10000,10000,10000,7562,2420,10000
55,0,0,0,0,10000,0,10000,10000,0,0,0,0,10000,10000,10000,7562,2420,10000
56,0,0,0,0,10000,0,10000,10000,0,0,0,0,10000,10000,10000,7562,2420,10000
57,0,0,0,0,10000,0,10000,10000,0,0,0,0,10000,10000,10000,7562,2420,10000
58,0,0,0,0,10000,0,10000,10000,0,0,0,0,10000,10000,10000,7562,2420,10000
59,0,0,0,0,10000,0,10000,10000,0,0,0,0,10000,10000,10000,7562,2420,10000
0,0,0,0,0,10000,9546,454,454,9553,304,143,0,0,0,0,127,31,454
1,0,0,0,0,10000,9281,719,719,9301,462,237,0,0,143,0,339,84,719
2,0,0,0,0,10000,8946,1054,1054,8964,677,216,143,0,237,0,605,153,1054
3,0,0,0,0,10000,8445,1555,1555,8488,974,301,237,0,359,143,985,274,1555
4,0,0,0,0,10000,7845,2155,2155,7879,1195,567,359,0,538,237,1446,413,2155
5,0,0,0,0,10000,7136,2864,2864,7183,1511,768,538,0,926,359,1952,616,2864
6,0,0,0,0,10000,6403,3597,3597,6461,1773,840,926,0,1306,538,2483,818,3597
7,0,0,0,0,10000,5353,4647,4647,5414,2283,997,1306,0,1766,926,3294,1057,4647
8,0,0,0,0,10000,4240,5760,5760,4304,2624,1306,1766,0,2303,1306,4167,1297,5760
9,0,0,0,0,10000,3226,6774,6774,3280,2782,1635,2303,0,3072,1766,4961,1517,6774
10,0,0,0,0,10000,2380,7620,7620,2421,2723,1784,3072,0,3938,2303,5627,1697,7620
11,0,0,0,0,10000,1634,8366,8366,1667,2684,1711,3938,0,4856,3072,6211,1859,8366
12,0,0,0,0,10000,1160,8840,8840,1185,2282,1677,4856,0,5649,3938,6558,1986,8840
13,0,0,0,0,10000,844,9156,9156,866,1832,1653,5649,0,6533,4856,6783,2077,9156
14,0,0,0,0,10000,554,9446,9446,565,1480,1422,6516,17,7302,5649,7009,2141,9446
15,0,0,0,0,10000,358,9642,9642,365,1104,1229,7264,38,7955,6533,7154,2192,9642
16,0,0,0,0,10000,221,9779,9779,226,771,1048,7862,93,8531,7302,7260,2223,9779
17,0,0,0,0,10000,145,9855,9855,151,544,774,8382,149,9003,7955,7321,2238,9855
18,0,0,0,0,10000,88,9912,9912,91,410,496,8753,250,9305,8531,7367,2249,9912
19,0,0,0,0,10000,67,9933,9933,69,244,382,8926,379,9499,9003,7380,2257,9933
20,0,0,0,0,10000,47,9953,9953,48,152,301,8948,551,9687,9305,7394,2263,9953
21,0,0,0,0,10000,32,9968,9968,32,97,184,8883,804,9800,9499,7408,2264,9968
22,0,0,0,0,10000,23,9977,9977,23,69,108,8716,1084,9871,9687,7415,2266,9977
23,0,0,0,0,10000,18,9982,9982,18,41,70,8423,1448,9908,9800,7419,2267,9982
24,0,0,0,0,10000,14,9986,9986,14,29,49,8047,1861,9941,9871,7422,2268,9986
25,0,0,0,0,10000,10,9990,9990,10,15,34,7587,2354,9957,9908,7425,2269,9990
26,0,0,0,0,10000,5,9995,9995,5,13,25,7059,2898,9975,9941,7427,2272,9995
27,0,0,0,0,10000,4,9996,9996,4,10,11,6508,3467,9982,9957,7428,2272,9996
28,0,0,0,0,10000,4,9996,9996,4,8,6,5945,4037,9986,9975,7428,2272,9996
29,0,0,0,0,10000,4,9996,9996,4,6,4,5371,4615,9988,9982,7428,2272,9996
30,0,0,0,0,10000,4,9996,9996,4,3,5,4807,5181,9990,9986,7428,2272,9996
31,0,0,0,0,10000,4,9996,9996,4,0,6,4224,5766,9993,9988,7428,2272,9996
32,0,0,0,0,10000,4,9996,9996,4,0,3,3683,6310,9996,9990,7428,2272,9996
33,0,0,0,0,10000,4,9996,9996,4,0,0,3127,6869,9996,9993,7428,2272,9996
34,0,0,0,0,10000,4,9996,9996,4,0,0,2606,7390,9996,9996,7428,2272,9996
35,0,0,0,0,10000,4,9996,9996,4,0,0,2089,7907,9996,9996,7428,2272,9996
36,0,0,0,0,10000,4,9996,9996,4,0,0,1625,8371,9996,9996,7428,2272,9996
37,0,0,0,0,10000,4,9996,9996,4,0,0,1218,8778,9996,9996,7428,2272,9996
38,0,0,0,0,10000,4,9996,9996,4,0,0,904,9092,9996,9996,7428,2272,9996
39,0,0,0,0,10000,4,9996,9996,4,0,0,645,9351,9996,9996,7428,2272,9996
40,0,0,0,0,10000,4,9996,9996,4,0,0,456,9540,9996,9996,7428,2272,9996
41,0,0,0,0,10000,4,9996,9996,4,0,0,307,9689,9996,9996,7428,2272,9996
42,0,0,0,0,10000,4,9996,9996,4,0,0,227,9769,9996,9996,7428,2272,9996
43,0,0,0,0,10000,4,9996,9996,4,0,0,147,9849,9996,9996,7428,2272,9996
44,0,0,0,0,10000,4,9996,9996,4,0,0,91,9905,9996,9996,7428,2272,9996
45,0,0,0,0,10000,4,9996,9996,4,0,0,66,9930,9996,9996,7428,2272,9996
46,0,0,0,0,10000,4,9996,9996,4,0,0,44,9952,9996,9996,7428,2272,9996
47,0,0,0,0,10000,4,9996,9996,4,0,0,37,9959,9996,9996,7428,2272,9996
48,0,0,0,0,10000,4,9996,9996,4,0,0,23,9973,9996,9996,7428,2272,9996
49,0,0,0,0,10000,4,9996,9996,4,0,0,15,9981,9996,9996,7428,2272,9996
50,0,0,0,0,10000,4,9996,9996,4,0,0,10,9986,9996,9996,7428,2272,9996
51,0,0,0,0,10000,4,9996,9996,4,0,0,6,9990,9996,9996,7428,2272,9996
52,0,0,0,0,10000,4,9996,9996,4,0,0,5,9991,9996,9996,7428,2272,9996
53,0,0,0,0,10000,4,9996,9996,4,0,0,2,9994,9996,9996,7428,2272,9996
54,0,0,0,0,10000,4,9996,9996,4,0,0,0,9996,9996,9996,7428,2272,9996
55,0,0,0,0,10000,4,9996,9996,4,0,0,0,9996,9996,9996,7428,2272,9996
56,0,0,0,0,10000,4,9996,9996,4,0,0,0,9996,9996,9996,7428,2272,9996
57,0,0,0,0,10000,4,9996,9996,4,0,0,0,9996,9996,9996,7428,2272,9996
58,0,0,0,0,10000,4,9996,9996,4,0,0,0,9996,9996,9996,7428,2272,9996
59,0,0,0,0,10000,4,9996,9996,4,0,0,0,9996,9996,9996,7428,2272,9996
0,0,0,0,0,10000,10000,0,0,10000,0,0,0,0,0,0,0,0,0
1,0,0,0,0,10000,9998,2,2,9998,2,0,0,0,0,0,1,0,2
2,0,0,0,0,10000,9997,3,3,9997,1,2,0,0,0,0,1,0,3
3,0,0,0,0,10000,9995,5,5,9995,3,2,0,0,2,0,2,0,5
4,0,0,0,0,10000,9987,13,13,9988,9,1,2,0,2,0,5,2,13
5,0,0,0,0,10000,9970,30,30,9972,21,5,2,0,3,2,14,7,30
6,0,0,0,0,10000,9955,45,45,9955,34,8,3,0,7,2,23,11,45
7,0,0,0,0,10000,9935,65,65,9936,47,10,7,0,11,3,38,16,65
8,0,0,0,0,10000,9903,97,97,9907,60,22,11,0,17,7,59,27,97
9,0,0,0,0,10000,9851,149,149,9852,95,36,17,0,33,11,100,37,149
10,0,0,0,0,10000,9787,213,213,9793,124,50,33,0,53,17,155,46,213
11,0,0,0,0,10000,9713,287,287,9724,151,72,53,0,83,33,220,55,287
12,0,0,0,0,10000,9613,387,387,9619,205,93,83,0,125,53,282,92,387
13,0,0,0,0,10000,9478,522,522,9488,270,117,125,0,176,83,376,132,522
14,0,0,0,0,10000,9248,752,752,9262,400,162,176,0,242,125,556,181,752
15,0,0,0,0,10000,8872,1128,1128,8897,613,248,242,0,338,176,834,276,1128
16,0,0,0,0,10000,8382,1618,1618,8413,908,341,338,0,490,242,1215,384,1618
17,0,0,0,0,10000,7742,2258,2258,7792,1234,484,490,0,679,338,1717,518,2258
18,0,0,0,0,10000,6942,3058,3058,7002,1629,690,678,1,974,490,2307,725,3058
19,0,0,0,0,10000,6143,3857,3857,6194,1924,908,973,1,1369,679,2890,940,3857
20,0,0,0,0,10000,5364,4636,4636,5423,2073,1135,1366,3,1882,974,3446,1161,4636
21,0,0,0,0,10000,4252,5748,5748,4313,2537,1268,1877,5,2504,1369,4316,1403,5748
22,0,0,0,0,10000,3210,6790,6790,3253,2710,1533,2497,7,3150,1882,5142,1619,6790
23,0,0,0,0,10000,2321,7679,7679,2369,2673,1808,3137,13,4037,2504,5813,1837,7679
24,0,0,0,0,10000,1665,8335,8335,1704,2489,1770,4013,24,4958,3150,6343,1963,8335
25,0,0,0,0,10000,1133,8867,8867,1154,2296,1592,4916,42,5807,4037,6770,2068,8867
26,0,0,0,0,10000,824,9176,9176,851,1772,1570,5745,62,6550,4958,6995,2152,9176
27,0,0,0,0,10000,594,9406,9406,609,1362,1479,6470,80,7377,5807,7170,2207,9406
28,0,0,0,0,10000,393,9607,9607,401,1041,1181,7266,111,8029,6550,7331,2247,9607
29,0,0,0,0,10000,269,9731,9731,273,730,968,7870,159,8558,7377,7427,2275,9731
30,0,0,0,0,10000,171,9829,9829,175,530,737,8326,232,8997,8029,7498,2302,9829
31,0,0,0,0,10000,110,9890,9890,111,377,515,8658,339,9295,8558,7544,2317,9890
32,0,0,0,0,10000,65,9935,9935,67,282,356,8819,476,9512,8997,7580,2326,9935
33,0,0,0,0,10000,50,9950,9950,52,181,255,8836,676,9651,9295,7591,2330,9950
34,0,0,0,0,10000,39,9961,9961,39,119,191,8744,907,9767,9512,7597,2335,9961
35,0,0,0,0,10000,24,9976,9976,26,84,123,8573,1194,9842,9651,7608,2339,9976
36,0,0,0,0,10000,15,9985,9985,16,54,88,8300,1542,9890,9767,7614,2342,9985
37,0,0,0,0,10000,10,9990,9990,12,29,69,7935,1955,9930,9842,7618,2343,9990
38,0,0,0,0,10000,8,9992,9992,8,23,39,7495,2435,9959,9890,7619,2344,9992
39,0,0,0,0,10000,6,9994,9994,6,16,19,7000,2959,9969,9930,7621,2344,9994
40,0,0,0,0,10000,4,9996,9996,4,10,17,6449,3520,9978,9959,7622,2345,9996
41,0,0,0,0,10000,3,9997,9997,3,6,13,5891,4087,9986,9969,7623,2345,9997
42,0,0,0,0,10000,3,9997,9997,3,4,7,5342,4644,9991,9978,7623,2345,9997
43,0,0,0,0,10000,1,9999,9999,1,5,3,4796,5195,9993,9986,7623,2347,9999
44,0,0,0,0,10000,1,9999,9999,1,1,5,4234,5759,9994,9991,7623,2347,9999
45,0,0,0,0,10000,1,9999,9999,1,1,4,3688,6306,9998,9993,7623,2347,9999
46,0,0,0,0,10000,1,9999,9999,1,0,1,3096,6902,9998,9994,7623,2347,9999
47,0,0,0,0,10000,1,9999,9999,1,0,1,2583,7415,9999,9998,7623,2347,9999
48,0,0,0,0,10000,1,9999,9999,1,0,0,2103,7896,9999,9998,7623,2347,9999
49,0,0,0,0,10000,1,9999,9999,1,0,0,1659,8340,9999,9999,7623,2347,9999
50,0,0,0,0,10000,1,9999,9999,1,0,0,1268,8731,9999,9999,7623,2347,9999
51,0,0,0,0,10000,1,9999,9999,1,0,0,931,9068,9999,9999,7623,2347,9999
52,0,0,0,0,10000,1,9999,9999,1,0,0,665,9334,9999,9999,7623,2347,9999
53,0,0,0,0,10000,1,9999,9999,1,0,0,473,9526,9999,9999,7623,2347,9999
54,0,0,0,0,10000,1,9999,9999,1,0,0,337,9662,9999,9999,7623,2347,9999
55,0,0,0,0,10000,1,9999,9999,1,0,0,249,9750,9999,9999,7623,2347,9999
56,0,0,0,0,10000,1,9999,9999,1,0,0,177,9822,9999,9999,7623,2347,9999
57,0,0,0,0,10000,1,9999,9999,1,0,0,128,9871,9999,9999,7623,2347,9999
58,0,0,0,0,10000,1,9999,9999,1,0,0,84,9915,9999,9999,7623,2347,9999
59,0,0,0,0,10000,1,9999,9999,1,0,0,60,9939,9999,9999,7623,2347,9999
0,0,0,0,0,10000,9997,3,3,9997,2,1,0,0,0,0,0,0,3
1,0,0,0,0,10000,9981,19,19,9982,16,2,0,0,1,0,10,3,19
2,0,0,0,0,10000,9973,27,27,9973,22,4,1,0,2,0,15,4,27
3,0,0,0,0,10000,9952,48,48,9953,36,9,2,0,5,1,30,8,48
4,0,0,0,0,10000,9922,78,78,9924,57,14,5,0,11,2,48,19,78
5,0,0,0,0,10000,9893,107,107,9895,70,24,11,0,19,5,72,24,107
6,0,0,0,0,10000,9843,157,157,9849,87,45,19,0,35,11,99,43,157
7,0,0,0,0,10000,9751,249,249,9758,145,62,35,0,64,19,164,69,249
8,0,0,0,0,10000,9629,371,371,9638,213,85,64,0,97,35,255,98,371
9,0,0,0,0,10000,9462,538,538,9475,313,115,97,0,149,64,382,135,538
10,0,0,0,0,10000,9208,792,792,9231,484,136,149,0,212,97,572,196,792
11,0,0,0,0,10000,8870,1130,1130,8894,680,214,212,0,285,149,823,282,1130
12,0,0,0,0,10000,8489,1511,1511,8515,832,368,285,0,426,212,1083,400,1511
13,0,0,0,0,10000,8008,1992,1992,8043,1034,497,426,0,653,285,1412,550,1992
14,0,0,0,0,10000,7278,2722,2722,7325,1425,597,653,0,923,426,1980,709,2722
15,0,0,0,0,10000,6398,3602,3602,6456,1830,791,923,0,1250,653,2665,903,3602
16,0,0,0,0,10000,5378,4622,4622,5433,2249,1068,1249,1,1714,923,3463,1123,4622
17,0,0,0,0,10000,4400,5600,5600,4463,2546,1277,1709,5,2318,1250,4213,1349,5600
18,0,0,0,0,10000,3408,6592,6592,3468,2783,1431,2306,12,2991,1714,4967,1587,6592
19,0,0,0,0,10000,2692,7308,7308,2741,2611,1657,2976,15,3749,2318,5495,1775,7308
20,0,0,0,0,10000,2094,7906,7906,2140,2365,1746,3725,24,4648,2991,5942,1925,7906
21,0,0,0,0,10000,1470,8530,8530,1497,2189,1666,4613,35,5495,3749,6426,2065,8530
22,0,0,0,0,10000,1042,8958,8958,1063,1856,1586,5445,50,6314,4648,6762,2157,8958
23,0,0,0,0,10000,707,9293,9293,725,1480,1481,6242,72,7081,5495,7033,2221,9293
24,0,0,0,0,10000,463,9537,9537,477,1200,1242,6976,105,7795,6314,7239,2259,9537
25,0,0,0,0,10000,319,9681,9681,323,937,945,7642,153,8323,7081,7354,2288,9681
26,0,0,0,0,10000,224,9776,9776,234,626,817,8083,240,8740,7795,7428,2309,9776
27,0,0,0,0,10000,161,9839,9839,165,446,649,8418,322,9140,8323,7474,2326,9839
28,0,0,0,0,10000,108,9892,9892,109,310,441,8696,444,9389,8740,7519,2334,9892
29,0,0,0,0,10000,64,9936,9936,65,220,326,8785,604,9581,9140,7552,2345,9936
30,0,0,0,0,10000,41,9959,9959,41,150,228,8761,820,9715,9389,7571,2349,9959
31,0,0,0,0,10000,32,9968,9968,32,99,154,8615,1100,9809,9581,7577,2352,9968
32,0,0,0,0,10000,23,9977,9977,23,67,101,8377,1432,9869,9715,7585,2353,9977
33,0,0,0,0,10000,16,9984,9984,17,46,68,8005,1864,9910,9809,7589,2356,9984
34,0,0,0,0,10000,12,9988,9988,12,25,53,7597,2313,9937,9869,7592,2357,9988
35,0,0,0,0,10000,9,9991,9991,9,14,40,7153,2784,9963,9910,7594,2358,9991
36,0,0,0,0,10000,8,9992,9992,8,11,18,6648,3315,9977,9937,7594,2359,9992
37,0,0,0,0,10000,6,9994,9994,6,7,10,6134,3843,9981,9963,7596,2359,9994
38,0,0,0,0,10000,4,9996,9996,4,5,10,5592,4389,9987,9977,7598,2359,9996
39,0,0,0,0,10000,3,9997,9997,3,5,5,4991,4996,9991,9981,7599,2359,9997
40,0,0,0,0,10000,3,9997,9997,3,3,3,4403,5588,9992,9987,7599,2359,9997
41,0,0,0,0,10000,3,9997,9997,3,3,2,3865,6127,9994,9991,7599,2359,9997
42,0,0,0,0,10000,3,9997,9997,3,2,1,3314,6680,9994,9992,7599,2359,9997
43,0,0,0,0,10000,3,9997,9997,3,0,3,2844,7150,9995,9994,7599,2359,9997
44,0,0,0,0,10000,3,9997,9997,3,0,2,2335,7660,9997,9994,7599,2359,9997
45,0,0,0,0,10000,3,9997,9997,3,0,0,1858,8139,9997,9995,7599,2359,9997
46,0,0,0,0,10000,3,9997,9997,3,0,0,1428,8569,9997,9997,7599,2359,9997
47,0,0,0,0,10000,3,9997,9997,3,0,0,1100,8897,9997,9997,7599,2359,9997
48,0,0,0,0,10000,3,9997,9997,3,0,0,817,9180,9997,9997,7599,2359,9997
49,0,0,0,0,10000,3,9997,9997,3,0,0,600,9397,9997,9997,7599,2359,9997
50,0,0,0,0,10000,3,9997,9997,3,0,0,429,9568,9997,9997,7599,2359,9997
51,0,0,0,0,10000,3,9997,9997,3,0,0,276,9721,9997,9997,7599,2359,9997
52,0,0,0,0,10000,3,9997,9997,3,0,0,198,9799,9997,9997,7599,2359,9997
53,0,0,0,0,10000,3,9997,9997,3,0,0,134,9863,9997,9997,7599,2359,9997
54,0,0,0,0,10000,3,9997,9997,3,0,0,84,9913,9997,9997,7599,2359,9997
55,0,0,0,0,10000,3,9997,9997,3,0,0,59,9938,9997,9997,7599,2359,9997
56,0,0,0,0,10000,3,9997,9997,3,0,0,44,9953,9997,9997,7599,2359,9997
57,0,0,0,0,10000,3,9997,9997,3,0,0,30,9967,9997,9997,7599,2359,9997
58,0,0,0,0,10000,3,9997,9997,3,0,0,16,9981,9997,9997,7599,2359,9997
59,0,0,0,0,10000,3,9997,9997,3,0,0,10,9987,9997,9997,7599,2359,9997
0,0,0,0,0,10000,9999,1,1,9999,1,0,0,0,0,0,0,0,1
1,0,0,0,0,10000,9988,12,12,9988,11,1,0,0,0,0,6,3,12
2,0,0,0,0,10000,9962,38,38,9966,26,8,0,0,1,0,26,8,38
3,0,0,0,0,10000,9911,89,89,9915,67,17,1,0,8,0,58,23,89
4,0,0,0,0,10000,9794,206,206,9801,155,36,8,0,18,1,152,42,206
5,0,0,0,0,10000,9609,391,391,9631,265,86,18,0,44,8,275,102,391
6,0,0,0,0,10000,9349,651,651,9374,429,153,44,0,104,18,449,186,651
7,0,0,0,0,10000,8678,1322,1322,8730,923,243,104,0,197,44,964,339,1322
8,0,0,0,0,10000,7503,2497,2497,7596,1701,506,197,0,347,104,1875,601,2497
9,0,0,0,0,10000,5746,4254,4254,5869,2818,966,347,0,703,197,3218,1012,4254
10,0,0,0,0,10000,3663,6337,6337,3789,3975,1533,703,0,1313,347,4837,1474,6337
11,0,0,0,0,10000,2011,7989,7989,2099,4476,2112,1313,0,2236,703,6157,1806,7989
12,0,0,0,0,10000,1054,8946,8946,1100,4271,2393,2236,0,3425,1313,6848,2072,8946
13,0,0,0,0,10000,580,9420,9420,602,3631,2342,3425,0,4629,2236,7204,2190,9420
14,0,0,0,0,10000,227,9773,9773,238,2830,2303,4628,1,5767,3425,7482,2264,9773
15,0,0,0,0,10000,89,9911,9911,91,1804,2338,5766,1,6932,4629,7583,2301,9911
16,0,0,0,0,10000,35,9965,9965,36,999,2033,6928,4,8105,5767,7625,2313,9965
17,0,0,0,0,10000,12,9988,9988,13,530,1352,8101,4,8965,6932,7642,2319,9988
18,0,0,0,0,10000,6,9994,9994,6,283,746,8958,7,9457,8105,7648,2319,9994
19,0,0,0,0,10000,5,9995,9995,5,104,434,9443,14,9711,8965,7648,2320,9995
20,0,0,0,0,10000,3,9997,9997,3,46,240,9675,36,9891,9457,7649,2321,9997
21,0,0,0,0,10000,2,9998,9998,2,16,91,9814,77,9951,9711,7650,2321,9998
22,0,0,0,0,10000,1,9999,9999,1,5,43,9786,165,9982,9891,7651,2321,9999
23,0,0,0,0,10000,0,10000,10000,0,2,16,9644,338,9994,9951,7651,2322,10000
24,0,0,0,0,10000,0,10000,10000,0,1,5,9365,629,9998,9982,7651,2322,10000
25,0,0,0,0,10000,0,10000,10000,0,1,1,8996,1002,9999,9994,7651,2322,10000
26,0,0,0,0,10000,0,10000,10000,0,1,0,8489,1510,9999,9998,7651,2322,10000
27,0,0,0,0,10000,0,10000,10000,0,0,1,7905,2094,9999,9999,7651,2322,10000
28,0,0,0,0,10000,0,10000,10000,0,0,1,7339,2660,10000,9999,7651,2322,10000
29,0,0,0,0,10000,0,10000,10000,0,0,0,6724,3276,10000,9999,7651,2322,10000
30,0,0,0,0,10000,0,10000,10000,0,0,0,6070,3930,10000,10000,7651,2322,10000
31,0,0,0,0,10000,0,10000,10000,0,0,0,5452,4548,10000,10000,7651,2322,10000
32,0,0,0,0,10000,0,10000,10000,0,0,0,4854,5146,10000,10000,7651,2322,10000
33,0,0,0,0,10000,0,10000,10000,0,0,0,4262,5738,10000,10000,7651,2322,10000
34,0,0,0,0,10000,0,10000,10000,0,0,0,3677,6323,10000,10000,7651,2322,10000
35,0,0,0,0,10000,0,10000,10000,0,0,0,3090,6910,10000,10000,7651,2322,10000
36,0,0,0,0,10000,0,10000,10000,0,0,0,2477,7523,10000,10000,7651,2322,10000
37,0,0,0,0,10000,0,10000,10000,0,0,0,1851,8149,10000,10000,7651,2322,10000
38,0,0,0,0,10000,0,10000,10000,0,0,0,1324,8676,10000,10000,7651,2322,10000
39,0,0,0,0,10000,0,10000,10000,0,0,0,867,9133,10000,10000,7651,2322,10000
40,0,0,0,0,10000,0,10000,10000,0,0,0,525,9475,10000,10000,7651,2322,10000
41,0,0,0,0,10000,0,10000,10000,0,0,0,270,9730,10000,10000,7651,2322,10000
42,0,0,0,0,10000,0,10000,10000,0,0,0,146,9854,10000,10000,7651,2322,10000
43,0,0,0,0,10000,0,10000,10000,0,0,0,65,9935,10000,10000,7651,2322,10000
44,0,0,0,0,10000,0,10000,10000,0,0,0,26,9974,10000,10000,7651,2322,10000
45,0,0,0,0,10000,0,10000,10000,0,0,0,6,9994,10000,10000,7651,2322,10000
46,0,0,0,0,10000,0,10000,10000,0,0,0,4,9996,10000,10000,7651,2322,10000
47,0,0,0,0,10000,0,10000,10000,0,0,0,2,9998,10000,10000,7651,2322,10000
48,0,0,0,0,10000,0,10000,10000,0,0,0,1,9999,10000,10000,7651,2322,10000
49,0,0,0,0,10000,0,10000,10000,0,0,0,0,10000,10000,10000,7651,2322,10000
50,0,0,0,0,10000,0,10000,10000,0,0,0,0,10000,10000,10000,7651,2322,10000
51,0,0,0,0,10000,0,10000,10000,0,0,0,0,10000,10000,10000,7651,2322,10000
52,0,0,0,0,10000,0,10000,10000,0,0,0,0,10000,10000,10000,7651,2322,10000
53,0,0,0,0,10000,0,10000,10000,0,0,0,0,10000,10000,10000,7651,2322,10000
54,0,0,0,0,10000,0,10000,10000,0,0,0,0,10000,10000,10000,7651,2322,10000
55,0,0,0,0,10000,0,10000,10000,0,0,0,0,10000,10000,10000,7651,2322,10000
56,0,0,0,0,10000,0,10000,10000,0,0,0,0,10000,10000,10000,7651,2322,10000
57,0,0,0,0,10000,0,10000,10000,0,0,0,0,10000,10000,10000,7651,2322,10000
58,0,0,0,0,10000,0,10000,10000,0,0,0,0,10000,10000,10000,7651,2322,10000
59,0,0,0,0,10000,0,10000,10000,0,0,0,0,10000,10000,10000,7651,2322,10000
0,0,0,0,0,10000,9994,6,6,9994,5,1,0,0,0,0,2,0,6
1,0,0,0,0,10000,9976,24,24,9976,20,4,0,0,1,0,11,5,24
2,0,0,0,0,10000,9961,39,39,9963,23,13,1,0,4,0,22,7,39
3,0,0,0,0,10000,9936,64,64,9936,39,21,4,0,14,1,41,11,64
4,0,0,0,0,10000,9898,102,102,9900,61,25,14,0,25,4,68,18,102
5,0,0,0,0,10000,9853,147,147,9856,90,29,25,0,39,14,100,30,147
6,0,0,0,0,10000,9794,206,206,9800,117,44,39,0,54,25,136,50,206
7,0,0,0,0,10000,9699,301,301,9706,170,70,54,0,83,39,215,66,301
8,0,0,0,0,10000,9563,437,437,9573,237,107,83,0,124,54,311,103,437
9,0,0,0,0,10000,9341,659,659,9359,364,153,124,0,190,83,483,151,659
10,0,0,0,0,10000,9082,918,918,9103,496,211,190,0,277,124,683,208,918
11,0,0,0,0,10000,8738,1262,1262,8768,683,272,277,0,401,190,943,291,1262
12,0,0,0,0,10000,8381,1619,1619,8423,815,361,401,0,549,277,1197,392,1619
13,0,0,0,0,10000,8014,1986,1986,8042,945,464,549,0,762,401,1445,508,1986
14,0,0,0,0,10000,7412,2588,2588,7439,1260,539,762,0,1013,549,1912,639,2588
15,0,0,0,0,10000,6829,3171,3171,6871,1396,720,1013,0,1301,762,2364,768,3171
16,0,0,0,0,10000,6146,3854,3854,6186,1622,891,1301,0,1733,1013,2903,909,3854
17,0,0,0,0,10000,5490,4510,4510,5534,1741,992,1732,1,2192,1301,3415,1052,4510
18,0,0,0,0,10000,4916,5084,5084,4946,1831,1031,2188,4,2725,1733,3864,1176,5084
19,0,0,0,0,10000,4446,5554,5554,4473,1715,1087,2718,7,3223,2192,4202,1305,5554
20,0,0,0,0,10000,4091,5909,5909,4111,1521,1145,3205,18,3812,2725,4473,1388,5909
21,0,0,0,0,10000,3685,6315,6315,3709,1409,1070,3782,30,4368,3223,4789,1478,6315
22,0,0,0,0,10000,3318,6682,6682,3330,1252,1050,4321,47,4882,3812,5080,1554,6682
23,0,0,0,0,10000,2974,7026,7026,2993,1094,1031,4809,73,5418,4368,5344,1634,7026
24,0,0,0,0,10000,2678,7322,7322,2703,996,883,5288,130,5913,4882,5565,1709,7322
25,0,0,0,0,10000,2419,7581,7581,2435,922,730,5723,190,6301,5418,5759,1774,7581
26,0,0,0,0,10000,2239,7761,7761,2249,784,666,6032,269,6643,5913,5893,1820,7761
27,0,0,0,0,10000,2080,7920,7920,2088,663,606,6277,366,6967,6301,6014,1858,7920
28,0,0,0,0,10000,1870,8130,8130,1882,639,512,6484,483,7249,6643,6181,1901,8130
29,0,0,0,0,10000,1666,8334,8334,1675,583,493,6585,664,7479,6967,6339,1947,8334
30,0,0,0,0,10000,1502,8498,8498,1509,542,470,6591,888,7742,7249,6472,1978,8498
31,0,0,0,0,10000,1381,8619,8619,1390,474,394,6631,1111,7949,7479,6564,2007,8619
32,0,0,0,0,10000,1248,8752,8752,1254,467,330,6544,1405,8136,7742,6662,2042,8752
33,0,0,0,0,10000,1135,8865,8865,1145,416,303,6430,1706,8279,7949,6745,2072,8865
34,0,0,0,0,10000,1055,8945,8945,1065,337,319,6241,2038,8439,8136,6801,2096,8945
35,0,0,0,0,10000,950,9050,9050,957,317,287,6063,2376,8598,8279,6876,2126,9050
36,0,0,0,0,10000,866,9134,9134,873,295,234,5856,2742,8726,8439,6948,2138,9134
37,0,0,0,0,10000,804,9196,9196,806,259,209,5610,3116,8832,8598,6995,2153,9196
38,0,0,0,0,10000,735,9265,9265,744,234,190,5301,3531,8935,8726,7050,2167,9265
39,0,0,0,0,10000,688,9312,9312,690,210,165,4951,3984,9022,8832,7090,2174,9312
40,0,0,0,0,10000,643,9357,9357,646,170,162,4594,4428,9100,8935,7129,2180,9357
41,0,0,0,0,10000,608,9392,9392,611,139,150,4247,4853,9184,9022,7150,2194,9392
42,0,0,0,0,10000,558,9442,9442,559,139,118,3891,5293,9250,9100,7191,2203,9442
43,0,0,0,0,10000,524,9476,9476,525,124,101,3566,5684,9302,9184,7218,2210,9476
44,0,0,0,0,10000,495,9505,9505,496,108,94,3212,6090,9351,9250,7245,2212,9505
45,0,0,0,0,10000,476,9524,9524,478,98,73,2900,6451,9396,9302,7264,2212,9524
46,0,0,0,0,10000,462,9538,9538,464,81,59,2582,6814,9424,9351,7276,2214,9538
47,0,0,0,0,10000,457,9543,9543,457,54,65,2310,7114,9455,9396,7280,2215,9543
48,0,0,0,0,10000,455,9545,9545,455,41,49,2034,7421,9489,9424,7281,2216,9545
49,0,0,0,0,10000,453,9547,9547,453,24,34,1826,7663,9504,9455,7283,2216,9547
50,0,0,0,0,10000,451,9549,9549,451,15,30,1641,7863,9523,9489,7284,2217,9549
51,0,0,0,0,10000,445,9555,9555,447,11,19,1448,8075,9534,9504,7290,2217,9555
52,0,0,0,0,10000,441,9559,9559,441,10,15,1250,8284,9542,9523,7292,2219,9559
53,0,0,0,0,10000,431,9569,9569,432,17,9,1106,8436,9549,9534,7301,2220,9569
54,0,0,0,0,10000,425,9575,9575,425,20,6,973,8576,9551,9542,7307,2220,9575
55,0,0,0,0,10000,420,9580,9580,420,18,11,856,8695,9555,9549,7311,2221,9580
56,0,0,0,0,10000,406,9594,9594,406,25,14,736,8819,9562,9551,7322,2224,9594
57,0,0,0,0,10000,389,9611,9611,389,33,16,646,8916,9569,9555,7336,2227,9611
58,0,0,0,0,10000,374,9626,9626,376,34,21,558,9011,9578,9562,7347,2231,9626
59,0,0,0,0,10000,361,9639,9639,361,39,22,470,9108,9590,9569,7357,2234,9639
