0,0,114.14762,30.684437,1984,0,0,0,0,0,1984
0,1,114.16711,30.684437,1958,0,0,0,0,0,1958
0,2,114.18659,30.684437,1925,2,0,0,0,2,1927
0,3,114.20608,30.684437,1892,3,0,0,0,3,1895
0,4,114.22556,30.684437,1995,0,0,0,0,0,1995
0,5,114.10865,30.498242,0,0,0,0,0,0,0
0,6,114.10865,30.59134,0,0,0,0,0,0,0
0,7,114.22556,30.498242,0,0,0,0,0,0,0
0,8,114.22556,30.59134,0,0,0,0,0,0,0
0,9,114.16711,30.498242,0,0,0,0,0,0,0
0,10,114.16711,30.59134,241,0,0,0,0,0,241
1,0,114.14762,30.684437,1996,1,0,0,0,1,1997
1,1,114.16711,30.684437,1956,0,0,0,0,0,1956
1,2,114.18659,30.684437,1927,3,0,0,0,3,1930
1,3,114.20608,30.684437,1892,4,2,0,0,6,1898
1,4,114.22556,30.684437,1982,3,1,0,0,4,1986
1,5,114.10865,30.498242,0,0,0,0,0,0,0
1,6,114.10865,30.59134,0,0,0,0,0,0,0
1,7,114.22556,30.498242,0,0,0,0,0,0,0
1,8,114.22556,30.59134,0,0,0,0,0,0,0
1,9,114.16711,30.498242,0,0,0,0,0,0,0
1,10,114.16711,30.59134,233,0,0,0,0,0,233
2,0,114.14762,30.684437,1986,2,0,0,0,2,1988
2,1,114.16711,30.684437,1959,0,1,0,0,1,1960
2,2,114.18659,30.684437,1924,7,0,0,0,7,1931
2,3,114.20608,30.684437,1886,9,3,0,0,12,1898
2,4,114.22556,30.684437,1986,5,2,0,0,7,1993
2,5,114.10865,30.498242,0,0,0,0,0,0,0
2,6,114.10865,30.59134,0,0,0,0,0,0,0
2,7,114.22556,30.498242,0,0,0,0,0,0,0
2,8,114.22556,30.59134,0,0,0,0,0,0,0
2,9,114.16711,30.498242,0,0,0,0,0,0,0
2,10,114.16711,30.59134,230,0,0,0,0,0,230
3,0,114.14762,30.684437,1987,2,0,0,0,2,1989
3,1,114.16711,30.684437,1953,0,1,0,0,1,1954
3,2,114.18659,30.684437,1924,8,0,0,0,8,1932
3,3,114.20608,30.684437,1878,12,5,2,0,19,1897
3,4,114.22556,30.684437,1974,4,4,1,0,9,1983
3,5,114.10865,30.498242,0,0,0,0,0,0,0
3,6,114.10865,30.59134,0,0,0,0,0,0,0
3,7,114.22556,30.498242,0,0,0,0,0,0,0
3,8,114.22556,30.59134,0,0,0,0,0,0,0
3,9,114.16711,30.498242,0,0,0,0,0,0,0
3,10,114.16711,30.59134,245,0,0,0,0,0,245
4,0,114.14762,30.684437,1989,2,1,0,0,3,1992
4,1,114.16711,30.684437,1943,1,0,1,0,2,1945
4,2,114.18659,30.684437,1925,16,2,0,0,18,1943
4,3,114.20608,30.684437,1879,16,6,3,0,25,1904
4,4,114.22556,30.684437,1975,7,5,2,0,14,1989
4,5,114.10865,30.498242,0,0,0,0,0,0,0
4,6,114.10865,30.59134,0,0,0,0,0,0,0
4,7,114.22556,30.498242,0,0,0,0,0,0,0
4,8,114.22556,30.59134,0,0,0,0,0,0,0
4,9,114.16711,30.498242,0,0,0,0,0,0,0
4,10,114.16711,30.59134,224,3,0,0,0,3,227
5,0,114.14762,30.684437,2035,1,2,0,0,3,2038
5,1,114.16711,30.684437,1995,3,0,1,0,4,1999
5,2,114.18659,30.684437,1955,20,9,0,0,29,1984
5,3,114.20608,30.684437,1906,22,8,7,0,37,1943
5,4,114.22556,30.684437,2014,13,4,5,0,22,2036
5,5,114.10865,30.498242,0,0,0,0,0,0,0
5,6,114.10865,30.59134,0,0,0,0,0,0,0
5,7,114.22556,30.498242,0,0,0,0,0,0,0
5,8,114.22556,30.59134,0,0,0,0,0,0,0
5,9,114.16711,30.498242,0,0,0,0,0,0,0
5,10,114.16711,30.59134,0,0,0,0,0,0,0
6,0,114.14762,30.684437,2032,3,2,1,0,6,2038
6,1,114.16711,30.684437,1992,5,1,1,0,7,1999
6,2,114.18659,30.684437,1942,27,13,2,0,42,1984
6,3,114.20608,30.684437,1890,30,14,9,0,53,1943
6,4,114.22556,30.684437,2006,16,7,7,0,30,2036
6,5,114.10865,30.498242,0,0,0,0,0,0,0
6,6,114.10865,30.59134,0,0,0,0,0,0,0
6,7,114.22556,30.498242,0,0,0,0,0,0,0
6,8,114.22556,30.59134,0,0,0,0,0,0,0
6,9,114.16711,30.498242,0,0,0,0,0,0,0
6,10,114.16711,30.59134,0,0,0,0,0,0,0
7,0,114.14762,30.684437,1982,5,2,2,0,9,1991
7,1,114.16711,30.684437,1945,6,2,1,0,9,1954
7,2,114.18659,30.684437,1884,39,15,9,0,63,1947
7,3,114.20608,30.684437,1834,35,17,15,0,67,1901
7,4,114.22556,30.684437,1929,29,14,9,0,52,1981
7,5,114.10865,30.498242,0,0,0,0,0,0,0
7,6,114.10865,30.59134,0,0,0,0,0,0,0
7,7,114.22556,30.498242,0,0,0,0,0,0,0
7,8,114.22556,30.59134,0,0,0,0,0,0,0
7,9,114.16711,30.498242,0,0,0,0,0,0,0
7,10,114.16711,30.59134,225,1,0,0,0,1,226
8,0,114.14762,30.684437,1977,14,1,3,0,18,1995
8,1,114.16711,30.684437,1939,10,4,2,0,16,1955
8,2,114.18659,30.684437,1851,55,19,15,0,89,1940
8,3,114.20608,30.684437,1804,54,24,23,0,101,1905
8,4,114.22556,30.684437,1897,47,21,13,0,81,1978
8,5,114.10865,30.498242,0,0,0,0,0,0,0
8,6,114.10865,30.59134,0,0,0,0,0,0,0
8,7,114.22556,30.498242,0,0,0,0,0,0,0
8,8,114.22556,30.59134,0,0,0,0,0,0,0
8,9,114.16711,30.498242,0,0,0,0,0,0,0
8,10,114.16711,30.59134,216,6,4,1,0,11,227
9,0,114.14762,30.684437,1957,17,6,4,0,27,1984
9,1,114.16711,30.684437,1930,10,7,3,0,20,1950
9,2,114.18659,30.684437,1797,83,31,24,0,138,1935
9,3,114.20608,30.684437,1746,72,38,31,0,141,1887
9,4,114.22556,30.684437,1883,58,31,23,0,112,1995
9,5,114.10865,30.498242,0,0,0,0,0,0,0
9,6,114.10865,30.59134,0,0,0,0,0,0,0
9,7,114.22556,30.498242,0,0,0,0,0,0,0
9,8,114.22556,30.59134,0,0,0,0,0,0,0
9,9,114.16711,30.498242,0,0,0,0,0,0,0
9,10,114.16711,30.59134,238,7,3,1,0,11,249
10,0,114.14762,30.684437,1947,31,10,4,0,45,1992
10,1,114.16711,30.684437,1921,22,5,5,0,32,1953
10,2,114.18659,30.684437,1733,116,49,33,0,198,1931
10,3,114.20608,30.684437,1704,110,49,47,0,206,1910
10,4,114.22556,30.684437,1809,99,33,36,0,168,1977
10,5,114.10865,30.498242,0,0,0,0,0,0,0
10,6,114.10865,30.59134,0,0,0,0,0,0,0
10,7,114.22556,30.498242,0,0,0,0,0,0,0
10,8,114.22556,30.59134,0,0,0,0,0,0,0
10,9,114.16711,30.498242,0,0,0,0,0,0,0
10,10,114.16711,30.59134,216,11,5,5,0,21,237
11,0,114.14762,30.684437,1913,51,15,10,0,76,1989
11,1,114.16711,30.684437,1900,35,8,10,0,53,1953
11,2,114.18659,30.684437,1657,165,66,54,0,285,1942
11,3,114.20608,30.684437,1616,161,58,72,0,291,1907
11,4,114.22556,30.684437,1736,155,41,52,0,248,1984
11,5,114.10865,30.498242,0,0,0,0,0,0,0
11,6,114.10865,30.59134,0,0,0,0,0,0,0
11,7,114.22556,30.498242,0,0,0,0,0,0,0
11,8,114.22556,30.59134,0,0,0,0,0,0,0
11,9,114.16711,30.498242,0,0,0,0,0,0,0
11,10,114.16711,30.59134,206,10,5,4,0,19,225
12,0,114.14762,30.684437,1932,64,28,14,0,106,2038
12,1,114.16711,30.684437,1928,43,17,11,0,71,1999
12,2,114.18659,30.684437,1605,198,94,87,0,379,1984
12,3,114.20608,30.684437,1549,211,86,97,0,394,1943
12,4,114.22556,30.684437,1708,174,82,72,0,328,2036
12,5,114.10865,30.498242,0,0,0,0,0,0,0
12,6,114.10865,30.59134,0,0,0,0,0,0,0
12,7,114.22556,30.498242,0,0,0,0,0,0,0
12,8,114.22556,30.59134,0,0,0,0,0,0,0
12,9,114.16711,30.498242,0,0,0,0,0,0,0
12,10,114.16711,30.59134,0,0,0,0,0,0,0
13,0,114.14762,30.684437,1905,71,36,26,0,133,2038
13,1,114.16711,30.684437,1905,53,23,18,0,94,1999
13,2,114.18659,30.684437,1488,255,119,122,0,496,1984
13,3,114.20608,30.684437,1445,250,116,132,0,498,1943
13,4,114.22556,30.684437,1609,226,104,97,0,427,2036
13,5,114.10865,30.498242,0,0,0,0,0,0,0
13,6,114.10865,30.59134,0,0,0,0,0,0,0
13,7,114.22556,30.498242,0,0,0,0,0,0,0
13,8,114.22556,30.59134,0,0,0,0,0,0,0
13,9,114.16711,30.498242,0,0,0,0,0,0,0
13,10,114.16711,30.59134,0,0,0,0,0,0,0
14,0,114.14762,30.684437,1828,85,36,42,0,163,1991
14,1,114.16711,30.684437,1793,95,24,28,0,147,1940
14,2,114.18659,30.684437,1295,328,127,178,0,633,1928
14,3,114.20608,30.684437,1276,302,143,181,0,626,1902
14,4,114.22556,30.684437,1424,308,111,148,0,567,1991
14,5,114.10865,30.498242,0,0,0,0,0,0,0
14,6,114.10865,30.59134,0,0,0,0,0,0,0
14,7,114.22556,30.498242,0,0,0,0,0,0,0
14,8,114.22556,30.59134,0,0,0,0,0,0,0
14,9,114.16711,30.498242,0,0,0,0,0,0,0
14,10,114.16711,30.59134,186,38,13,11,0,62,248
15,0,114.14762,30.684437,1770,129,39,61,0,229,1999
15,1,114.16711,30.684437,1732,126,45,39,0,210,1942
15,2,114.18659,30.684437,1087,431,171,233,1,836,1923
15,3,114.20608,30.684437,1088,383,188,245,0,816,1904
15,4,114.22556,30.684437,1202,420,176,194,0,790,1992
15,5,114.10865,30.498242,0,0,0,0,0,0,0
15,6,114.10865,30.59134,0,0,0,0,0,0,0
15,7,114.22556,30.498242,0,0,0,0,0,0,0
15,8,114.22556,30.59134,0,0,0,0,0,0,0
15,9,114.16711,30.498242,0,0,0,0,0,0,0
15,10,114.16711,30.59134,174,33,13,20,0,66,240
16,0,114.14762,30.684437,1664,192,72,79,0,343,2007
16,1,114.16711,30.684437,1667,176,71,52,0,299,1966
16,2,114.18659,30.684437,897,501,235,298,1,1035,1932
16,3,114.20608,30.684437,896,437,249,319,1,1006,1902
16,4,114.22556,30.684437,979,494,253,260,0,1007,1986
16,5,114.10865,30.498242,0,0,0,0,0,0,0
16,6,114.10865,30.59134,0,0,0,0,0,0,0
16,7,114.22556,30.498242,0,0,0,0,0,0,0
16,8,114.22556,30.59134,0,0,0,0,0,0,0
16,9,114.16711,30.498242,0,0,0,0,0,0,0
16,10,114.16711,30.59134,122,36,17,32,0,85,207
17,0,114.14762,30.684437,1542,244,104,99,1,448,1990
17,1,114.16711,30.684437,1530,241,96,84,0,421,1951
17,2,114.18659,30.684437,673,578,274,413,1,1266,1939
17,3,114.20608,30.684437,693,494,282,430,1,1207,1900
17,4,114.22556,30.684437,773,542,300,375,1,1218,1991
17,5,114.10865,30.498242,0,0,0,0,0,0,0
17,6,114.10865,30.59134,0,0,0,0,0,0,0
17,7,114.22556,30.498242,0,0,0,0,0,0,0
17,8,114.22556,30.59134,0,0,0,0,0,0,0
17,9,114.16711,30.498242,0,0,0,0,0,0,0
17,10,114.16711,30.59134,136,44,29,20,0,93,229
18,0,114.14762,30.684437,1360,352,127,147,1,627,1987
18,1,114.16711,30.684437,1368,324,141,122,0,587,1955
18,2,114.18659,30.684437,501,581,319,536,1,1437,1938
18,3,114.20608,30.684437,532,513,280,568,1,1362,1894
18,4,114.22556,30.684437,570,592,304,511,2,1409,1979
18,5,114.10865,30.498242,0,0,0,0,0,0,0
18,6,114.10865,30.59134,0,0,0,0,0,0,0
18,7,114.22556,30.498242,0,0,0,0,0,0,0
18,8,114.22556,30.59134,0,0,0,0,0,0,0
18,9,114.16711,30.498242,0,0,0,0,0,0,0
18,10,114.16711,30.59134,107,55,35,50,0,140,247
19,0,114.14762,30.684437,1240,395,194,208,1,798,2038
19,1,114.16711,30.684437,1242,391,179,187,0,757,1999
19,2,114.18659,30.684437,387,519,381,696,1,1597,1984
19,3,114.20608,30.684437,413,494,309,724,3,1530,1943
19,4,114.22556,30.684437,472,533,341,687,3,1564,2036
19,5,114.10865,30.498242,0,0,0,0,0,0,0
19,6,114.10865,30.59134,0,0,0,0,0,0,0
19,7,114.22556,30.498242,0,0,0,0,0,0,0
19,8,114.22556,30.59134,0,0,0,0,0,0,0
19,9,114.16711,30.498242,0,0,0,0,0,0,0
19,10,114.16711,30.59134,0,0,0,0,0,0,0
20,0,114.14762,30.684437,1076,445,237,279,1,962,2038
20,1,114.16711,30.684437,1055,451,222,271,0,944,1999
20,2,114.18659,30.684437,299,439,365,877,4,1685,1984
20,3,114.20608,30.684437,299,451,319,869,5,1644,1943
20,4,114.22556,30.684437,361,472,364,836,3,1675,2036
20,5,114.10865,30.498242,0,0,0,0,0,0,0
20,6,114.10865,30.59134,0,0,0,0,0,0,0
20,7,114.22556,30.498242,0,0,0,0,0,0,0
20,8,114.22556,30.59134,0,0,0,0,0,0,0
20,9,114.16711,30.498242,0,0,0,0,0,0,0
20,10,114.16711,30.59134,0,0,0,0,0,0,0
21,0,114.14762,30.684437,847,486,259,392,2,1139,1986
21,1,114.16711,30.684437,829,505,273,354,2,1134,1963
21,2,114.18659,30.684437,185,397,302,1052,5,1756,1941
21,3,114.20608,30.684437,197,380,302,1012,6,1700,1897
21,4,114.22556,30.684437,231,415,336,1005,8,1764,1995
21,5,114.10865,30.498242,0,0,0,0,0,0,0
21,6,114.10865,30.59134,0,0,0,0,0,0,0
21,7,114.22556,30.498242,0,0,0,0,0,0,0
21,8,114.22556,30.59134,0,0,0,0,0,0,0
21,9,114.16711,30.498242,0,0,0,0,0,0,0
21,10,114.16711,30.59134,52,53,37,75,1,166,218
22,0,114.14762,30.684437,641,541,300,494,2,1337,1978
22,1,114.16711,30.684437,629,546,293,476,2,1317,1946
22,2,114.18659,30.684437,120,294,309,1214,6,1823,1943
22,3,114.20608,30.684437,122,328,284,1161,12,1785,1907
22,4,114.22556,30.684437,153,344,314,1167,10,1835,1988
22,5,114.10865,30.498242,0,0,0,0,0,0,0
22,6,114.10865,30.59134,0,0,0,0,0,0,0
22,7,114.22556,30.498242,0,0,0,0,0,0,0
22,8,114.22556,30.59134,0,0,0,0,0,0,0
22,9,114.16711,30.498242,0,0,0,0,0,0,0
22,10,114.16711,30.59134,42,45,43,107,1,196,238
23,0,114.14762,30.684437,469,513,342,646,3,1504,1973
23,1,114.16711,30.684437,449,535,343,626,3,1507,1956
23,2,114.18659,30.684437,72,219,286,1349,11,1865,1937
23,3,114.20608,30.684437,89,228,260,1288,17,1793,1882
23,4,114.22556,30.684437,92,273,273,1329,13,1888,1980
23,5,114.10865,30.498242,0,0,0,0,0,0,0
23,6,114.10865,30.59134,0,0,0,0,0,0,0
23,7,114.22556,30.498242,0,0,0,0,0,0,0
23,8,114.22556,30.59134,0,0,0,0,0,0,0
23,9,114.16711,30.498242,0,0,0,0,0,0,0
23,10,114.16711,30.59134,38,53,43,138,0,234,272
24,0,114.14762,30.684437,337,488,362,804,4,1658,1995
24,1,114.16711,30.684437,299,500,375,777,3,1655,1954
24,2,114.18659,30.684437,51,167,195,1506,18,1886,1937
24,3,114.20608,30.684437,59,175,211,1418,29,1833,1892
24,4,114.22556,30.684437,53,221,222,1468,19,1930,1983
24,5,114.10865,30.498242,0,0,0,0,0,0,0
24,6,114.10865,30.59134,0,0,0,0,0,0,0
24,7,114.22556,30.498242,0,0,0,0,0,0,0
24,8,114.22556,30.59134,0,0,0,0,0,0,0
24,9,114.16711,30.498242,0,0,0,0,0,0,0
24,10,114.16711,30.59134,11,40,39,145,4,228,239
25,0,114.14762,30.684437,219,449,321,989,7,1766,1985
25,1,114.16711,30.684437,195,451,333,958,4,1746,1941
25,2,114.18659,30.684437,29,134,135,1615,27,1911,1940
25,3,114.20608,30.684437,38,126,161,1524,49,1860,1898
25,4,114.22556,30.684437,34,159,181,1582,32,1954,1988
25,5,114.10865,30.498242,0,0,0,0,0,0,0
25,6,114.10865,30.59134,0,0,0,0,0,0,0
25,7,114.22556,30.498242,0,0,0,0,0,0,0
25,8,114.22556,30.59134,0,0,0,0,0,0,0
25,9,114.16711,30.498242,0,0,0,0,0,0,0
25,10,114.16711,30.59134,13,28,24,180,3,235,248
26,0,114.14762,30.684437,161,370,307,1187,13,1877,2038
26,1,114.16711,30.684437,141,367,309,1174,8,1858,1999
26,2,114.18659,30.684437,24,81,118,1718,43,1960,1984
26,3,114.20608,30.684437,28,83,129,1635,68,1915,1943
26,4,114.22556,30.684437,24,104,155,1701,52,2012,2036
26,5,114.10865,30.498242,0,0,0,0,0,0,0
26,6,114.10865,30.59134,0,0,0,0,0,0,0
26,7,114.22556,30.498242,0,0,0,0,0,0,0
26,8,114.22556,30.59134,0,0,0,0,0,0,0
26,9,114.16711,30.498242,0,0,0,0,0,0,0
26,10,114.16711,30.59134,0,0,0,0,0,0,0
27,0,114.14762,30.684437,123,283,278,1335,19,1915,2038
27,1,114.16711,30.684437,97,289,276,1327,10,1902,1999
27,2,114.18659,30.684437,16,52,96,1745,75,1968,1984
27,3,114.20608,30.684437,18,53,97,1677,98,1925,1943
27,4,114.22556,30.684437,14,63,120,1762,77,2022,2036
27,5,114.10865,30.498242,0,0,0,0,0,0,0
27,6,114.10865,30.59134,0,0,0,0,0,0,0
27,7,114.22556,30.498242,0,0,0,0,0,0,0
27,8,114.22556,30.59134,0,0,0,0,0,0,0
27,9,114.16711,30.498242,0,0,0,0,0,0,0
27,10,114.16711,30.59134,0,0,0,0,0,0,0
28,0,114.14762,30.684437,80,207,223,1450,27,1907,1987
28,1,114.16711,30.684437,69,215,209,1442,11,1877,1946
28,2,114.18659,30.684437,10,28,63,1714,113,1918,1928
28,3,114.20608,30.684437,12,37,59,1650,137,1883,1895
28,4,114.22556,30.684437,10,38,79,1769,102,1988,1998
28,5,114.10865,30.498242,0,0,0,0,0,0,0
28,6,114.10865,30.59134,0,0,0,0,0,0,0
28,7,114.22556,30.498242,0,0,0,0,0,0,0
28,8,114.22556,30.59134,0,0,0,0,0,0,0
28,9,114.16711,30.498242,0,0,0,0,0,0,0
28,10,114.16711,30.59134,6,16,22,195,7,240,246
29,0,114.14762,30.684437,56,145,197,1546,34,1922,1978
29,1,114.16711,30.684437,43,149,185,1555,19,1908,1951
29,2,114.18659,30.684437,8,13,44,1711,151,1919,1927
29,3,114.20608,30.684437,5,30,35,1654,174,1893,1898
29,4,114.22556,30.684437,10,17,50,1777,136,1980,1990
29,5,114.10865,30.498242,0,0,0,0,0,0,0
29,6,114.10865,30.59134,0,0,0,0,0,0,0
29,7,114.22556,30.498242,0,0,0,0,0,0,0
29,8,114.22556,30.59134,0,0,0,0,0,0,0
29,9,114.16711,30.498242,0,0,0,0,0,0,0
29,10,114.16711,30.59134,5,8,8,225,10,251,256
30,0,114.14762,30.684437,36,89,165,1650,54,1958,1994
30,1,114.16711,30.684437,21,94,163,1642,27,1926,1947
30,2,114.18659,30.684437,2,11,26,1695,206,1938,1940
30,3,114.20608,30.684437,3,17,29,1621,218,1885,1888
30,4,114.22556,30.684437,7,8,33,1756,181,1978,1985
30,5,114.10865,30.498242,0,0,0,0,0,0,0
30,6,114.10865,30.59134,0,0,0,0,0,0,0
30,7,114.22556,30.498242,0,0,0,0,0,0,0
30,8,114.22556,30.59134,0,0,0,0,0,0,0
30,9,114.16711,30.498242,0,0,0,0,0,0,0
30,10,114.16711,30.59134,3,8,13,204,18,243,246
31,0,114.14762,30.684437,27,58,116,1693,89,1956,1983
31,1,114.16711,30.684437,14,62,112,1727,36,1937,1951
31,2,114.18659,30.684437,2,5,16,1644,270,1935,1937
31,3,114.20608,30.684437,1,12,22,1571,301,1906,1907
31,4,114.22556,30.684437,5,6,15,1708,251,1980,1985
31,5,114.10865,30.498242,0,0,0,0,0,0,0
31,6,114.10865,30.59134,0,0,0,0,0,0,0
31,7,114.22556,30.498242,0,0,0,0,0,0,0
31,8,114.22556,30.59134,0,0,0,0,0,0,0
31,9,114.16711,30.498242,0,0,0,0,0,0,0
31,10,114.16711,30.59134,0,6,10,208,13,237,237
32,0,114.14762,30.684437,17,48,63,1754,111,1976,1993
32,1,114.16711,30.684437,11,43,64,1766,61,1934,1945
32,2,114.18659,30.684437,1,6,6,1582,342,1936,1937
32,3,114.20608,30.684437,1,10,10,1489,383,1892,1893
32,4,114.22556,30.684437,3,4,8,1655,324,1991,1994
32,5,114.10865,30.498242,0,0,0,0,0,0,0
32,6,114.10865,30.59134,0,0,0,0,0,0,0
32,7,114.22556,30.498242,0,0,0,0,0,0,0
32,8,114.22556,30.59134,0,0,0,0,0,0,0
32,9,114.16711,30.498242,0,0,0,0,0,0,0
32,10,114.16711,30.59134,0,2,2,210,24,238,238
33,0,114.14762,30.684437,15,31,42,1793,157,2023,2038
33,1,114.16711,30.684437,10,24,44,1814,107,1989,1999
33,2,114.18659,30.684437,1,3,4,1554,422,1983,1984
33,3,114.20608,30.684437,1,6,6,1435,495,1942,1943
33,4,114.22556,30.684437,2,3,6,1593,432,2034,2036
33,5,114.10865,30.498242,0,0,0,0,0,0,0
33,6,114.10865,30.59134,0,0,0,0,0,0,0
33,7,114.22556,30.498242,0,0,0,0,0,0,0
33,8,114.22556,30.59134,0,0,0,0,0,0,0
33,9,114.16711,30.498242,0,0,0,0,0,0,0
33,10,114.16711,30.59134,0,0,0,0,0,0,0
34,0,114.14762,30.684437,13,23,31,1761,210,2025,2038
34,1,114.16711,30.684437,7,19,28,1781,164,1992,1999
34,2,114.18659,30.684437,1,2,4,1451,526,1983,1984
34,3,114.20608,30.684437,1,3,7,1348,584,1942,1943
34,4,114.22556,30.684437,1,4,2,1499,530,2035,2036
34,5,114.10865,30.498242,0,0,0,0,0,0,0
34,6,114.10865,30.59134,0,0,0,0,0,0,0
34,7,114.22556,30.498242,0,0,0,0,0,0,0
34,8,114.22556,30.59134,0,0,0,0,0,0,0
34,9,114.16711,30.498242,0,0,0,0,0,0,0
34,10,114.16711,30.59134,0,0,0,0,0,0,0
35,0,114.14762,30.684437,6,20,19,1687,262,1988,1994
35,1,114.16711,30.684437,3,10,21,1677,223,1931,1934
35,2,114.18659,30.684437,1,1,2,1330,604,1937,1938
35,3,114.20608,30.684437,1,1,4,1231,666,1902,1903
35,4,114.22556,30.684437,1,2,2,1362,619,1985,1986
35,5,114.10865,30.498242,0,0,0,0,0,0,0
35,6,114.10865,30.59134,0,0,0,0,0,0,0
35,7,114.22556,30.498242,0,0,0,0,0,0,0
35,8,114.22556,30.59134,0,0,0,0,0,0,0
35,9,114.16711,30.498242,0,0,0,0,0,0,0
35,10,114.16711,30.59134,0,2,0,178,65,245,245
36,0,114.14762,30.684437,4,15,16,1620,332,1983,1987
36,1,114.16711,30.684437,1,6,18,1624,299,1947,1948
36,2,114.18659,30.684437,1,0,2,1223,714,1939,1940
36,3,114.20608,30.684437,1,0,3,1134,755,1892,1893
36,4,114.22556,30.684437,0,3,2,1272,723,2000,2000
36,5,114.10865,30.498242,0,0,0,0,0,0,0
36,6,114.10865,30.59134,0,0,0,0,0,0,0
36,7,114.22556,30.498242,0,0,0,0,0,0,0
36,8,114.22556,30.59134,0,0,0,0,0,0,0
36,9,114.16711,30.498242,0,0,0,0,0,0,0
36,10,114.16711,30.59134,1,0,1,153,77,231,232
37,0,114.14762,30.684437,3,7,17,1549,414,1987,1990
37,1,114.16711,30.684437,1,4,8,1552,386,1950,1951
37,2,114.18659,30.684437,1,0,1,1086,843,1930,1931
37,3,114.20608,30.684437,1,0,2,1038,851,1891,1892
37,4,114.22556,30.684437,0,2,1,1179,825,2007,2007
37,5,114.10865,30.498242,0,0,0,0,0,0,0
37,6,114.10865,30.59134,0,0,0,0,0,0,0
37,7,114.22556,30.498242,0,0,0,0,0,0,0
37,8,114.22556,30.59134,0,0,0,0,0,0,0
37,9,114.16711,30.498242,0,0,0,0,0,0,0
37,10,114.16711,30.59134,0,0,0,157,72,229,229
38,0,114.14762,30.684437,3,6,9,1455,517,1987,1990
38,1,114.16711,30.684437,0,3,5,1474,473,1955,1955
38,2,114.18659,30.684437,1,0,0,946,983,1929,1930
38,3,114.20608,30.684437,1,0,0,946,946,1892,1893
38,4,114.22556,30.684437,0,1,1,1056,923,1981,1981
38,5,114.10865,30.498242,0,0,0,0,0,0,0
38,6,114.10865,30.59134,0,0,0,0,0,0,0
38,7,114.22556,30.498242,0,0,0,0,0,0,0
38,8,114.22556,30.59134,0,0,0,0,0,0,0
38,9,114.16711,30.498242,0,0,0,0,0,0,0
38,10,114.16711,30.59134,0,2,0,151,98,251,251
39,0,114.14762,30.684437,3,4,3,1342,627,1976,1979
39,1,114.16711,30.684437,0,2,3,1364,582,1951,1951
39,2,114.18659,30.684437,1,0,0,847,1096,1943,1944
39,3,114.20608,30.684437,1,0,0,825,1058,1883,1884
39,4,114.22556,30.684437,0,1,1,954,1037,1993,1993
39,5,114.10865,30.498242,0,0,0,0,0,0,0
39,6,114.10865,30.59134,0,0,0,0,0,0,0
39,7,114.22556,30.498242,0,0,0,0,0,0,0
39,8,114.22556,30.59134,0,0,0,0,0,0,0
39,9,114.16711,30.498242,0,0,0,0,0,0,0
39,10,114.16711,30.59134,0,0,0,150,99,249,249
40,0,114.14762,30.684437,2,2,6,1281,747,2036,2038
40,1,114.16711,30.684437,0,1,2,1289,707,1999,1999
40,2,114.18659,30.684437,1,0,0,752,1231,1983,1984
40,3,114.20608,30.684437,1,0,0,764,1178,1942,1943
40,4,114.22556,30.684437,0,1,1,848,1186,2036,2036
40,5,114.10865,30.498242,0,0,0,0,0,0,0
40,6,114.10865,30.59134,0,0,0,0,0,0,0
40,7,114.22556,30.498242,0,0,0,0,0,0,0
40,8,114.22556,30.59134,0,0,0,0,0,0,0
40,9,114.16711,30.498242,0,0,0,0,0,0,0
40,10,114.16711,30.59134,0,0,0,0,0,0,0
41,0,114.14762,30.684437,1,2,4,1174,857,2037,2038
41,1,114.16711,30.684437,0,1,1,1173,824,1999,1999
41,2,114.18659,30.684437,1,0,0,647,1336,1983,1984
41,3,114.20608,30.684437,1,0,0,667,1275,1942,1943
41,4,114.22556,30.684437,0,0,1,738,1297,2036,2036
41,5,114.10865,30.498242,0,0,0,0,0,0,0
41,6,114.10865,30.59134,0,0,0,0,0,0,0
41,7,114.22556,30.498242,0,0,0,0,0,0,0
41,8,114.22556,30.59134,0,0,0,0,0,0,0
41,9,114.16711,30.498242,0,0,0,0,0,0,0
41,10,114.16711,30.59134,0,0,0,0,0,0,0
42,0,114.14762,30.684437,1,0,3,1044,935,1982,1983
42,1,114.16711,30.684437,0,0,1,1013,930,1944,1944
42,2,114.18659,30.684437,1,0,0,541,1400,1941,1942
42,3,114.20608,30.684437,1,0,0,553,1347,1900,1901
42,4,114.22556,30.684437,0,0,1,626,1356,1983,1983
42,5,114.10865,30.498242,0,0,0,0,0,0,0
42,6,114.10865,30.59134,0,0,0,0,0,0,0
42,7,114.22556,30.498242,0,0,0,0,0,0,0
42,8,114.22556,30.59134,0,0,0,0,0,0,0
42,9,114.16711,30.498242,0,0,0,0,0,0,0
42,10,114.16711,30.59134,0,0,0,110,137,247,247
43,0,114.14762,30.684437,1,0,2,937,1055,1994,1995
43,1,114.16711,30.684437,0,0,1,921,1024,1946,1946
43,2,114.18659,30.684437,1,0,0,430,1513,1943,1944
43,3,114.20608,30.684437,1,0,0,455,1448,1903,1904
43,4,114.22556,30.684437,0,0,0,509,1472,1981,1981
43,5,114.10865,30.498242,0,0,0,0,0,0,0
43,6,114.10865,30.59134,0,0,0,0,0,0,0
43,7,114.22556,30.498242,0,0,0,0,0,0,0
43,8,114.22556,30.59134,0,0,0,0,0,0,0
43,9,114.16711,30.498242,0,0,0,0,0,0,0
43,10,114.16711,30.59134,0,0,0,89,141,230,230
44,0,114.14762,30.684437,0,0,0,835,1149,1984,1984
44,1,114.16711,30.684437,0,0,0,788,1166,1954,1954
44,2,114.18659,30.684437,1,0,0,344,1596,1940,1941
44,3,114.20608,30.684437,1,0,0,360,1535,1895,1896
44,4,114.22556,30.684437,0,0,0,422,1565,1987,1987
44,5,114.10865,30.498242,0,0,0,0,0,0,0
44,6,114.10865,30.59134,0,0,0,0,0,0,0
44,7,114.22556,30.498242,0,0,0,0,0,0,0
44,8,114.22556,30.59134,0,0,0,0,0,0,0
44,9,114.16711,30.498242,0,0,0,0,0,0,0
44,10,114.16711,30.59134,1,0,0,76,161,237,238
45,0,114.14762,30.684437,1,0,0,697,1287,1984,1985
45,1,114.16711,30.684437,0,0,0,674,1281,1955,1955
45,2,114.18659,30.684437,1,0,0,258,1688,1946,1947
45,3,114.20608,30.684437,1,0,0,292,1611,1903,1904
45,4,114.22556,30.684437,0,0,0,329,1678,2007,2007
45,5,114.10865,30.498242,0,0,0,0,0,0,0
45,6,114.10865,30.59134,0,0,0,0,0,0,0
45,7,114.22556,30.498242,0,0,0,0,0,0,0
45,8,114.22556,30.59134,0,0,0,0,0,0,0
45,9,114.16711,30.498242,0,0,0,0,0,0,0
45,10,114.16711,30.59134,0,0,0,56,146,202,202
46,0,114.14762,30.684437,1,0,0,607,1373,1980,1981
46,1,114.16711,30.684437,0,0,0,584,1368,1952,1952
46,2,114.18659,30.684437,1,0,0,175,1760,1935,1936
46,3,114.20608,30.684437,1,0,0,228,1664,1892,1893
46,4,114.22556,30.684437,0,0,0,251,1742,1993,1993
46,5,114.10865,30.498242,0,0,0,0,0,0,0
46,6,114.10865,30.59134,0,0,0,0,0,0,0
46,7,114.22556,30.498242,0,0,0,0,0,0,0
46,8,114.22556,30.59134,0,0,0,0,0,0,0
46,9,114.16711,30.498242,0,0,0,0,0,0,0
46,10,114.16711,30.59134,0,0,0,45,200,245,245
47,0,114.14762,30.684437,1,0,0,535,1502,2037,2038
47,1,114.16711,30.684437,0,0,0,498,1501,1999,1999
47,2,114.18659,30.684437,1,0,0,132,1851,1983,1984
47,3,114.20608,30.684437,1,0,0,163,1779,1942,1943
47,4,114.22556,30.684437,0,0,0,190,1846,2036,2036
47,5,114.10865,30.498242,0,0,0,0,0,0,0
47,6,114.10865,30.59134,0,0,0,0,0,0,0
47,7,114.22556,30.498242,0,0,0,0,0,0,0
47,8,114.22556,30.59134,0,0,0,0,0,0,0
47,9,114.16711,30.498242,0,0,0,0,0,0,0
47,10,114.16711,30.59134,0,0,0,0,0,0,0
48,0,114.14762,30.684437,1,0,0,432,1605,2037,2038
48,1,114.16711,30.684437,0,0,0,412,1587,1999,1999
48,2,114.18659,30.684437,1,0,0,91,1892,1983,1984
48,3,114.20608,30.684437,1,0,0,123,1819,1942,1943
48,4,114.22556,30.684437,0,0,0,145,1891,2036,2036
48,5,114.10865,30.498242,0,0,0,0,0,0,0
48,6,114.10865,30.59134,0,0,0,0,0,0,0
48,7,114.22556,30.498242,0,0,0,0,0,0,0
48,8,114.22556,30.59134,0,0,0,0,0,0,0
48,9,114.16711,30.498242,0,0,0,0,0,0,0
48,10,114.16711,30.59134,0,0,0,0,0,0,0
49,0,114.14762,30.684437,1,0,0,320,1654,1974,1975
49,1,114.16711,30.684437,0,0,0,309,1647,1956,1956
49,2,114.18659,30.684437,1,0,0,60,1872,1932,1933
49,3,114.20608,30.684437,1,0,0,82,1812,1894,1895
49,4,114.22556,30.684437,0,0,0,106,1889,1995,1995
49,5,114.10865,30.498242,0,0,0,0,0,0,0
49,6,114.10865,30.59134,0,0,0,0,0,0,0
49,7,114.22556,30.498242,0,0,0,0,0,0,0
49,8,114.22556,30.59134,0,0,0,0,0,0,0
49,9,114.16711,30.498242,0,0,0,0,0,0,0
49,10,114.16711,30.59134,0,0,0,26,220,246,246
50,0,114.14762,30.684437,1,0,0,253,1737,1990,1991
50,1,114.16711,30.684437,0,0,0,225,1721,1946,1946
50,2,114.18659,30.684437,1,0,0,41,1904,1945,1946
50,3,114.20608,30.684437,1,0,0,52,1838,1890,1891
50,4,114.22556,30.684437,0,0,0,60,1931,1991,1991
50,5,114.10865,30.498242,0,0,0,0,0,0,0
50,6,114.10865,30.59134,0,0,0,0,0,0,0
50,7,114.22556,30.498242,0,0,0,0,0,0,0
50,8,114.22556,30.59134,0,0,0,0,0,0,0
50,9,114.16711,30.498242,0,0,0,0,0,0,0
50,10,114.16711,30.59134,0,0,0,17,218,235,235
51,0,114.14762,30.684437,1,0,0,189,1809,1998,1999
51,1,114.16711,30.684437,0,0,0,153,1796,1949,1949
51,2,114.18659,30.684437,1,0,0,29,1917,1946,1947
51,3,114.20608,30.684437,1,0,0,32,1858,1890,1891
51,4,114.22556,30.684437,0,0,0,38,1958,1996,1996
51,5,114.10865,30.498242,0,0,0,0,0,0,0
51,6,114.10865,30.59134,0,0,0,0,0,0,0
51,7,114.22556,30.498242,0,0,0,0,0,0,0
51,8,114.22556,30.59134,0,0,0,0,0,0,0
51,9,114.16711,30.498242,0,0,0,0,0,0,0
51,10,114.16711,30.59134,0,0,0,7,211,218,218
52,0,114.14762,30.684437,1,0,0,134,1857,1991,1992
52,1,114.16711,30.684437,0,0,0,101,1857,1958,1958
52,2,114.18659,30.684437,1,0,0,17,1928,1945,1946
52,3,114.20608,30.684437,1,0,0,17,1882,1899,1900
52,4,114.22556,30.684437,0,0,0,19,1969,1988,1988
52,5,114.10865,30.498242,0,0,0,0,0,0,0
52,6,114.10865,30.59134,0,0,0,0,0,0,0
52,7,114.22556,30.498242,0,0,0,0,0,0,0
52,8,114.22556,30.59134,0,0,0,0,0,0,0
52,9,114.16711,30.498242,0,0,0,0,0,0,0
52,10,114.16711,30.59134,0,0,0,7,209,216,216
53,0,114.14762,30.684437,1,0,0,94,1893,1987,1988
53,1,114.16711,30.684437,0,0,0,68,1892,1960,1960
53,2,114.18659,30.684437,1,0,0,11,1925,1936,1937
53,3,114.20608,30.684437,1,0,0,14,1884,1898,1899
53,4,114.22556,30.684437,0,0,0,14,1968,1982,1982
53,5,114.10865,30.498242,0,0,0,0,0,0,0
53,6,114.10865,30.59134,0,0,0,0,0,0,0
53,7,114.22556,30.498242,0,0,0,0,0,0,0
53,8,114.22556,30.59134,0,0,0,0,0,0,0
53,9,114.16711,30.498242,0,0,0,0,0,0,0
53,10,114.16711,30.59134,0,0,0,5,229,234,234
54,0,114.14762,30.684437,1,0,0,66,1971,2037,2038
54,1,114.16711,30.684437,0,0,0,49,1950,1999,1999
54,2,114.18659,30.684437,1,0,0,8,1975,1983,1984
54,3,114.20608,30.684437,1,0,0,10,1932,1942,1943
54,4,114.22556,30.684437,0,0,0,11,2025,2036,2036
54,5,114.10865,30.498242,0,0,0,0,0,0,0
54,6,114.10865,30.59134,0,0,0,0,0,0,0
54,7,114.22556,30.498242,0,0,0,0,0,0,0
54,8,114.22556,30.59134,0,0,0,0,0,0,0
54,9,114.16711,30.498242,0,0,0,0,0,0,0
54,10,114.16711,30.59134,0,0,0,0,0,0,0
55,0,114.14762,30.684437,1,0,0,49,1988,2037,2038
55,1,114.16711,30.684437,0,0,0,38,1961,1999,1999
55,2,114.18659,30.684437,1,0,0,2,1981,1983,1984
55,3,114.20608,30.684437,1,0,0,7,1935,1942,1943
55,4,114.22556,30.684437,0,0,0,10,2026,2036,2036
55,5,114.10865,30.498242,0,0,0,0,0,0,0
55,6,114.10865,30.59134,0,0,0,0,0,0,0
55,7,114.22556,30.498242,0,0,0,0,0,0,0
55,8,114.22556,30.59134,0,0,0,0,0,0,0
55,9,114.16711,30.498242,0,0,0,0,0,0,0
55,10,114.16711,30.59134,0,0,0,0,0,0,0
56,0,114.14762,30.684437,1,0,0,28,1954,1982,1983
56,1,114.16711,30.684437,0,0,0,30,1921,1951,1951
56,2,114.18659,30.684437,1,0,0,1,1933,1934,1935
56,3,114.20608,30.684437,1,0,0,4,1887,1891,1892
56,4,114.22556,30.684437,0,0,0,7,1981,1988,1988
56,5,114.10865,30.498242,0,0,0,0,0,0,0
56,6,114.10865,30.59134,0,0,0,0,0,0,0
56,7,114.22556,30.498242,0,0,0,0,0,0,0
56,8,114.22556,30.59134,0,0,0,0,0,0,0
56,9,114.16711,30.498242,0,0,0,0,0,0,0
56,10,114.16711,30.59134,0,0,0,4,247,251,251
57,0,114.14762,30.684437,1,0,0,20,1966,1986,1987
57,1,114.16711,30.684437,0,0,0,23,1923,1946,1946
57,2,114.18659,30.684437,1,0,0,1,1932,1933,1934
57,3,114.20608,30.684437,1,0,0,1,1895,1896,1897
57,4,114.22556,30.684437,0,0,0,4,1987,1991,1991
57,5,114.10865,30.498242,0,0,0,0,0,0,0
57,6,114.10865,30.59134,0,0,0,0,0,0,0
57,7,114.22556,30.498242,0,0,0,0,0,0,0
57,8,114.22556,30.59134,0,0,0,0,0,0,0
57,9,114.16711,30.498242,0,0,0,0,0,0,0
57,10,114.16711,30.59134,0,0,0,4,241,245,245
58,0,114.14762,30.684437,1,0,0,10,1981,1991,1992
58,1,114.16711,30.684437,0,0,0,10,1938,1948,1948
58,2,114.18659,30.684437,1,0,0,1,1925,1926,1927
58,3,114.20608,30.684437,1,0,0,0,1899,1899,1900
58,4,114.22556,30.684437,0,0,0,5,1984,1989,1989
58,5,114.10865,30.498242,0,0,0,0,0,0,0
58,6,114.10865,30.59134,0,0,0,0,0,0,0
58,7,114.22556,30.498242,0,0,0,0,0,0,0
58,8,114.22556,30.59134,0,0,0,0,0,0,0
58,9,114.16711,30.498242,0,0,0,0,0,0,0
58,10,114.16711,30.59134,0,0,0,0,244,244,244
59,0,114.14762,30.684437,1,0,0,6,1972,1978,1979
59,1,114.16711,30.684437,0,0,0,3,1942,1945,1945
59,2,114.18659,30.684437,1,0,0,1,1930,1931,1932
59,3,114.20608,30.684437,1,0,0,0,1893,1893,1894
59,4,114.22556,30.684437,0,0,0,3,1996,1999,1999
59,5,114.10865,30.498242,0,0,0,0,0,0,0
59,6,114.10865,30.59134,0,0,0,0,0,0,0
59,7,114.22556,30.498242,0,0,0,0,0,0,0
59,8,114.22556,30.59134,0,0,0,0,0,0,0
59,9,114.16711,30.498242,0,0,0,0,0,0,0
59,10,114.16711,30.59134,0,0,0,0,251,251,251
