0,0,114.14762,30.684437,1945,0,0,0,0,0,1945
0,1,114.16711,30.684437,1962,0,0,0,0,0,1962
0,2,114.18659,30.684437,2040,1,0,0,0,1,2041
0,3,114.20608,30.684437,1922,1,0,0,0,1,1923
0,4,114.22556,30.684437,1879,1,0,0,0,1,1880
0,5,114.10865,30.498242,0,0,0,0,0,0,0
0,6,114.10865,30.59134,0,0,0,0,0,0,0
0,7,114.22556,30.498242,0,0,0,0,0,0,0
0,8,114.22556,30.59134,0,0,0,0,0,0,0
0,9,114.16711,30.498242,0,0,0,0,0,0,0
0,10,114.16711,30.59134,248,1,0,0,0,1,249
1,0,114.14762,30.684437,1954,0,0,0,0,0,1954
1,1,114.16711,30.684437,1972,0,0,0,0,0,1972
1,2,114.18659,30.684437,2032,3,0,0,0,3,2035
1,3,114.20608,30.684437,1939,3,0,0,0,3,1942
1,4,114.22556,30.684437,1887,4,0,0,0,4,1891
1,5,114.10865,30.498242,0,0,0,0,0,0,0
1,6,114.10865,30.59134,0,0,0,0,0,0,0
1,7,114.22556,30.498242,0,0,0,0,0,0,0
1,8,114.22556,30.59134,0,0,0,0,0,0,0
1,9,114.16711,30.498242,0,0,0,0,0,0,0
1,10,114.16711,30.59134,204,2,0,0,0,2,206
2,0,114.14762,30.684437,1942,0,0,0,0,0,1942
2,1,114.16711,30.684437,1972,0,0,0,0,0,1972
2,2,114.18659,30.684437,2036,5,2,0,0,7,2043
2,3,114.20608,30.684437,1932,4,1,0,0,5,1937
2,4,114.22556,30.684437,1872,7,1,0,0,8,1880
2,5,114.10865,30.498242,0,0,0,0,0,0,0
2,6,114.10865,30.59134,0,0,0,0,0,0,0
2,7,114.22556,30.498242,0,0,0,0,0,0,0
2,8,114.22556,30.59134,0,0,0,0,0,0,0
2,9,114.16711,30.498242,0,0,0,0,0,0,0
2,10,114.16711,30.59134,225,0,1,0,0,1,226
3,0,114.14762,30.684437,1946,0,0,0,0,0,1946
3,1,114.16711,30.684437,1961,0,0,0,0,0,1961
3,2,114.18659,30.684437,2030,6,3,0,0,9,2039
3,3,114.20608,30.684437,1929,7,2,0,0,9,1938
3,4,114.22556,30.684437,1854,9,3,0,0,12,1866
3,5,114.10865,30.498242,0,0,0,0,0,0,0
3,6,114.10865,30.59134,0,0,0,0,0,0,0
3,7,114.22556,30.498242,0,0,0,0,0,0,0
3,8,114.22556,30.59134,0,0,0,0,0,0,0
3,9,114.16711,30.498242,0,0,0,0,0,0,0
3,10,114.16711,30.59134,249,1,0,0,0,1,250
4,0,114.14762,30.684437,1953,0,0,0,0,0,1953
4,1,114.16711,30.684437,1972,0,0,0,0,0,1972
4,2,114.18659,30.684437,2019,12,3,2,0,17,2036
4,3,114.20608,30.684437,1917,12,4,1,0,17,1934
4,4,114.22556,30.684437,1854,15,4,2,0,21,1875
4,5,114.10865,30.498242,0,0,0,0,0,0,0
4,6,114.10865,30.59134,0,0,0,0,0,0,0
4,7,114.22556,30.498242,0,0,0,0,0,0,0
4,8,114.22556,30.59134,0,0,0,0,0,0,0
4,9,114.16711,30.498242,0,0,0,0,0,0,0
4,10,114.16711,30.59134,228,2,0,0,0,2,230
5,0,114.14762,30.684437,1990,0,0,0,0,0,1990
5,1,114.16711,30.684437,2018,0,0,0,0,0,2018
5,2,114.18659,30.684437,2065,17,5,3,0,25,2090
5,3,114.20608,30.684437,1948,25,5,2,0,32,1980
5,4,114.22556,30.684437,1898,16,5,3,0,24,1922
5,5,114.10865,30.498242,0,0,0,0,0,0,0
5,6,114.10865,30.59134,0,0,0,0,0,0,0
5,7,114.22556,30.498242,0,0,0,0,0,0,0
5,8,114.22556,30.59134,0,0,0,0,0,0,0
5,9,114.16711,30.498242,0,0,0,0,0,0,0
5,10,114.16711,30.59134,0,0,0,0,0,0,0
6,0,114.14762,30.684437,1989,1,0,0,0,1,1990
6,1,114.16711,30.684437,2015,1,2,0,0,3,2018
6,2,114.18659,30.684437,2061,18,6,5,0,29,2090
6,3,114.20608,30.684437,1931,30,14,5,0,49,1980
6,4,114.22556,30.684437,1892,18,6,6,0,30,1922
6,5,114.10865,30.498242,0,0,0,0,0,0,0
6,6,114.10865,30.59134,0,0,0,0,0,0,0
6,7,114.22556,30.498242,0,0,0,0,0,0,0
6,8,114.22556,30.59134,0,0,0,0,0,0,0
6,9,114.16711,30.498242,0,0,0,0,0,0,0
6,10,114.16711,30.59134,0,0,0,0,0,0,0
7,0,114.14762,30.684437,1942,1,0,0,0,1,1943
7,1,114.16711,30.684437,1962,5,2,0,0,7,1969
7,2,114.18659,30.684437,2001,26,10,8,0,44,2045
7,3,114.20608,30.684437,1862,44,21,7,0,72,1934
7,4,114.22556,30.684437,1827,31,10,8,0,49,1876
7,5,114.10865,30.498242,0,0,0,0,0,0,0
7,6,114.10865,30.59134,0,0,0,0,0,0,0
7,7,114.22556,30.498242,0,0,0,0,0,0,0
7,8,114.22556,30.59134,0,0,0,0,0,0,0
7,9,114.16711,30.498242,0,0,0,0,0,0,0
7,10,114.16711,30.59134,233,0,0,0,0,0,233
8,0,114.14762,30.684437,1940,3,0,0,0,3,1943
8,1,114.16711,30.684437,1967,9,1,2,0,12,1979
8,2,114.18659,30.684437,1979,34,17,11,0,62,2041
8,3,114.20608,30.684437,1835,57,23,18,0,98,1933
8,4,114.22556,30.684437,1815,43,17,12,0,72,1887
8,5,114.10865,30.498242,0,0,0,0,0,0,0
8,6,114.10865,30.59134,0,0,0,0,0,0,0
8,7,114.22556,30.498242,0,0,0,0,0,0,0
8,8,114.22556,30.59134,0,0,0,0,0,0,0
8,9,114.16711,30.498242,0,0,0,0,0,0,0
8,10,114.16711,30.59134,209,5,2,1,0,8,217
9,0,114.14762,30.684437,1940,6,0,0,0,6,1946
9,1,114.16711,30.684437,1966,11,1,2,0,14,1980
9,2,114.18659,30.684437,1958,43,26,18,0,87,2045
9,3,114.20608,30.684437,1791,76,34,28,0,138,1929
9,4,114.22556,30.684437,1757,70,29,18,0,117,1874
9,5,114.10865,30.498242,0,0,0,0,0,0,0
9,6,114.10865,30.59134,0,0,0,0,0,0,0
9,7,114.22556,30.498242,0,0,0,0,0,0,0
9,8,114.22556,30.59134,0,0,0,0,0,0,0
9,9,114.16711,30.498242,0,0,0,0,0,0,0
9,10,114.16711,30.59134,218,2,6,0,0,8,226
10,0,114.14762,30.684437,1935,9,2,0,0,11,1946
10,1,114.16711,30.684437,1960,14,2,3,0,19,1979
10,2,114.18659,30.684437,1911,69,36,28,0,133,2044
10,3,114.20608,30.684437,1742,104,47,41,0,192,1934
10,4,114.22556,30.684437,1706,90,42,31,0,163,1869
10,5,114.10865,30.498242,0,0,0,0,0,0,0
10,6,114.10865,30.59134,0,0,0,0,0,0,0
10,7,114.22556,30.498242,0,0,0,0,0,0,0
10,8,114.22556,30.59134,0,0,0,0,0,0,0
10,9,114.16711,30.498242,0,0,0,0,0,0,0
10,10,114.16711,30.59134,216,8,3,1,0,12,228
11,0,114.14762,30.684437,1933,14,3,0,0,17,1950
11,1,114.16711,30.684437,1941,17,8,3,0,28,1969
11,2,114.18659,30.684437,1848,118,36,48,0,202,2050
11,3,114.20608,30.684437,1668,139,57,63,0,259,1927
11,4,114.22556,30.684437,1639,127,57,46,0,230,1869
11,5,114.10865,30.498242,0,0,0,0,0,0,0
11,6,114.10865,30.59134,0,0,0,0,0,0,0
11,7,114.22556,30.498242,0,0,0,0,0,0,0
11,8,114.22556,30.59134,0,0,0,0,0,0,0
11,9,114.16711,30.498242,0,0,0,0,0,0,0
11,10,114.16711,30.59134,215,12,6,2,0,20,235
12,0,114.14762,30.684437,1968,16,4,2,0,22,1990
12,1,114.16711,30.684437,1970,24,19,5,0,48,2018
12,2,114.18659,30.684437,1813,147,66,64,0,277,2090
12,3,114.20608,30.684437,1624,182,83,91,0,356,1980
12,4,114.22556,30.684437,1584,194,70,74,0,338,1922
12,5,114.10865,30.498242,0,0,0,0,0,0,0
12,6,114.10865,30.59134,0,0,0,0,0,0,0
12,7,114.22556,30.498242,0,0,0,0,0,0,0
12,8,114.22556,30.59134,0,0,0,0,0,0,0
12,9,114.16711,30.498242,0,0,0,0,0,0,0
12,10,114.16711,30.59134,0,0,0,0,0,0,0
13,0,114.14762,30.684437,1955,21,11,3,0,35,1990
13,1,114.16711,30.684437,1954,30,23,11,0,64,2018
13,2,114.18659,30.684437,1732,177,94,87,0,358,2090
13,3,114.20608,30.684437,1521,218,118,123,0,459,1980
13,4,114.22556,30.684437,1484,230,103,105,0,438,1922
13,5,114.10865,30.498242,0,0,0,0,0,0,0
13,6,114.10865,30.59134,0,0,0,0,0,0,0
13,7,114.22556,30.498242,0,0,0,0,0,0,0
13,8,114.22556,30.59134,0,0,0,0,0,0,0
13,9,114.16711,30.498242,0,0,0,0,0,0,0
13,10,114.16711,30.59134,0,0,0,0,0,0,0
14,0,114.14762,30.684437,1886,28,14,5,0,47,1933
14,1,114.16711,30.684437,1901,47,14,23,0,84,1985
14,2,114.18659,30.684437,1523,275,112,125,0,512,2035
14,3,114.20608,30.684437,1346,299,132,169,0,600,1946
14,4,114.22556,30.684437,1318,271,149,142,0,562,1880
14,5,114.10865,30.498242,0,0,0,0,0,0,0
14,6,114.10865,30.59134,0,0,0,0,0,0,0
14,7,114.22556,30.498242,0,0,0,0,0,0,0
14,8,114.22556,30.59134,0,0,0,0,0,0,0
14,9,114.16711,30.498242,0,0,0,0,0,0,0
14,10,114.16711,30.59134,180,16,11,14,0,41,221
15,0,114.14762,30.684437,1861,55,16,13,0,84,1945
15,1,114.16711,30.684437,1849,71,21,34,0,126,1975
15,2,114.18659,30.684437,1355,337,172,180,0,689,2044
15,3,114.20608,30.684437,1137,389,170,228,0,787,1924
15,4,114.22556,30.684437,1144,361,173,205,0,739,1883
15,5,114.10865,30.498242,0,0,0,0,0,0,0
15,6,114.10865,30.59134,0,0,0,0,0,0,0
15,7,114.22556,30.498242,0,0,0,0,0,0,0
15,8,114.22556,30.59134,0,0,0,0,0,0,0
15,9,114.16711,30.498242,0,0,0,0,0,0,0
15,10,114.16711,30.59134,166,32,13,18,0,63,229
16,0,114.14762,30.684437,1796,94,29,20,0,143,1939
16,1,114.16711,30.684437,1797,105,41,36,0,182,1979
16,2,114.18659,30.684437,1124,457,231,239,0,927,2051
16,3,114.20608,30.684437,946,430,250,305,0,985,1931
16,4,114.22556,30.684437,951,420,210,290,0,920,1871
16,5,114.10865,30.498242,0,0,0,0,0,0,0
16,6,114.10865,30.59134,0,0,0,0,0,0,0
16,7,114.22556,30.498242,0,0,0,0,0,0,0
16,8,114.22556,30.59134,0,0,0,0,0,0,0
16,9,114.16711,30.498242,0,0,0,0,0,0,0
16,10,114.16711,30.59134,164,28,17,20,0,65,229
17,0,114.14762,30.684437,1717,149,47,29,0,225,1942
17,1,114.16711,30.684437,1723,131,61,55,0,247,1970
17,2,114.18659,30.684437,898,533,264,350,0,1147,2045
17,3,114.20608,30.684437,739,494,298,405,1,1198,1937
17,4,114.22556,30.684437,740,500,259,375,0,1134,1874
17,5,114.10865,30.498242,0,0,0,0,0,0,0
17,6,114.10865,30.59134,0,0,0,0,0,0,0
17,7,114.22556,30.498242,0,0,0,0,0,0,0
17,8,114.22556,30.59134,0,0,0,0,0,0,0
17,9,114.16711,30.498242,0,0,0,0,0,0,0
17,10,114.16711,30.59134,142,47,15,28,0,90,232
18,0,114.14762,30.684437,1618,196,73,48,0,317,1935
18,1,114.16711,30.684437,1629,193,72,79,0,344,1973
18,2,114.18659,30.684437,692,574,303,466,0,1343,2035
18,3,114.20608,30.684437,553,525,300,553,2,1380,1933
18,4,114.22556,30.684437,578,523,282,501,1,1307,1885
18,5,114.10865,30.498242,0,0,0,0,0,0,0
18,6,114.10865,30.59134,0,0,0,0,0,0,0
18,7,114.22556,30.498242,0,0,0,0,0,0,0
18,8,114.22556,30.59134,0,0,0,0,0,0,0
18,9,114.16711,30.498242,0,0,0,0,0,0,0
18,10,114.16711,30.59134,125,51,25,38,0,114,239
19,0,114.14762,30.684437,1538,260,114,78,0,452,1990
19,1,114.16711,30.684437,1581,223,97,117,0,437,2018
19,2,114.18659,30.684437,554,588,320,627,1,1536,2090
19,3,114.20608,30.684437,426,502,334,713,5,1554,1980
19,4,114.22556,30.684437,449,521,306,645,1,1473,1922
19,5,114.10865,30.498242,0,0,0,0,0,0,0
19,6,114.10865,30.59134,0,0,0,0,0,0,0
19,7,114.22556,30.498242,0,0,0,0,0,0,0
19,8,114.22556,30.59134,0,0,0,0,0,0,0
19,9,114.16711,30.498242,0,0,0,0,0,0,0
19,10,114.16711,30.59134,0,0,0,0,0,0,0
20,0,114.14762,30.684437,1412,310,145,123,0,578,1990
20,1,114.16711,30.684437,1447,284,133,154,0,571,2018
20,2,114.18659,30.684437,414,547,339,789,1,1676,2090
20,3,114.20608,30.684437,324,440,340,868,8,1656,1980
20,4,114.22556,30.684437,352,448,322,797,3,1570,1922
20,5,114.10865,30.498242,0,0,0,0,0,0,0
20,6,114.10865,30.59134,0,0,0,0,0,0,0
20,7,114.22556,30.498242,0,0,0,0,0,0,0
20,8,114.22556,30.59134,0,0,0,0,0,0,0
20,9,114.16711,30.498242,0,0,0,0,0,0,0
20,10,114.16711,30.59134,0,0,0,0,0,0,0
21,0,114.14762,30.684437,1192,389,172,188,0,749,1941
21,1,114.16711,30.684437,1237,351,169,205,0,725,1962
21,2,114.18659,30.684437,271,482,359,924,3,1768,2039
21,3,114.20608,30.684437,242,364,304,1021,9,1698,1940
21,4,114.22556,30.684437,229,397,329,927,5,1658,1887
21,5,114.10865,30.498242,0,0,0,0,0,0,0
21,6,114.10865,30.59134,0,0,0,0,0,0,0
21,7,114.22556,30.498242,0,0,0,0,0,0,0
21,8,114.22556,30.59134,0,0,0,0,0,0,0
21,9,114.16711,30.498242,0,0,0,0,0,0,0
21,10,114.16711,30.59134,75,43,37,76,0,156,231
22,0,114.14762,30.684437,995,450,236,264,0,950,1945
22,1,114.16711,30.684437,990,465,230,281,0,976,1966
22,2,114.18659,30.684437,171,401,362,1096,6,1865,2036
22,3,114.20608,30.684437,155,297,285,1170,14,1766,1921
22,4,114.22556,30.684437,156,300,329,1096,7,1732,1888
22,5,114.10865,30.498242,0,0,0,0,0,0,0
22,6,114.10865,30.59134,0,0,0,0,0,0,0
22,7,114.22556,30.498242,0,0,0,0,0,0,0
22,8,114.22556,30.59134,0,0,0,0,0,0,0
22,9,114.16711,30.498242,0,0,0,0,0,0,0
22,10,114.16711,30.59134,74,39,43,88,0,170,244
23,0,114.14762,30.684437,790,522,272,357,0,1151,1941
23,1,114.16711,30.684437,785,519,286,385,0,1190,1975
23,2,114.18659,30.684437,115,295,338,1274,13,1920,2035
23,3,114.20608,30.684437,105,235,264,1315,19,1833,1938
23,4,114.22556,30.684437,91,250,285,1241,11,1787,1878
23,5,114.10865,30.498242,0,0,0,0,0,0,0
23,6,114.10865,30.59134,0,0,0,0,0,0,0
23,7,114.22556,30.498242,0,0,0,0,0,0,0
23,8,114.22556,30.59134,0,0,0,0,0,0,0
23,9,114.16711,30.498242,0,0,0,0,0,0,0
23,10,114.16711,30.59134,36,55,29,112,1,197,233
24,0,114.14762,30.684437,586,557,301,499,0,1357,1943
24,1,114.16711,30.684437,604,549,312,506,1,1368,1972
24,2,114.18659,30.684437,79,226,272,1455,16,1969,2048
24,3,114.20608,30.684437,66,192,200,1436,30,1858,1924
24,4,114.22556,30.684437,57,194,202,1399,28,1823,1880
24,5,114.10865,30.498242,0,0,0,0,0,0,0
24,6,114.10865,30.59134,0,0,0,0,0,0,0
24,7,114.22556,30.498242,0,0,0,0,0,0,0
24,8,114.22556,30.59134,0,0,0,0,0,0,0
24,9,114.16711,30.498242,0,0,0,0,0,0,0
24,10,114.16711,30.59134,32,34,30,136,1,201,233
25,0,114.14762,30.684437,440,540,333,630,1,1504,1944
25,1,114.16711,30.684437,432,560,304,656,2,1522,1954
25,2,114.18659,30.684437,45,175,189,1602,29,1995,2040
25,3,114.20608,30.684437,47,147,147,1558,44,1896,1943
25,4,114.22556,30.684437,29,158,152,1512,36,1858,1887
25,5,114.10865,30.498242,0,0,0,0,0,0,0
25,6,114.10865,30.59134,0,0,0,0,0,0,0
25,7,114.22556,30.498242,0,0,0,0,0,0,0
25,8,114.22556,30.59134,0,0,0,0,0,0,0
25,9,114.16711,30.498242,0,0,0,0,0,0,0
25,10,114.16711,30.59134,24,41,35,130,2,208,232
26,0,114.14762,30.684437,336,497,338,817,2,1654,1990
26,1,114.16711,30.684437,327,523,327,839,2,1691,2018
26,2,114.18659,30.684437,30,116,162,1743,39,2060,2090
26,3,114.20608,30.684437,39,109,115,1657,60,1941,1980
26,4,114.22556,30.684437,20,101,136,1616,49,1902,1922
26,5,114.10865,30.498242,0,0,0,0,0,0,0
26,6,114.10865,30.59134,0,0,0,0,0,0,0
26,7,114.22556,30.498242,0,0,0,0,0,0,0
26,8,114.22556,30.59134,0,0,0,0,0,0,0
26,9,114.16711,30.498242,0,0,0,0,0,0,0
26,10,114.16711,30.59134,0,0,0,0,0,0,0
27,0,114.14762,30.684437,233,434,332,989,2,1757,1990
27,1,114.16711,30.684437,239,434,349,988,8,1779,2018
27,2,114.18659,30.684437,23,73,130,1804,60,2067,2090
27,3,114.20608,30.684437,31,69,99,1702,79,1949,1980
27,4,114.22556,30.684437,14,66,112,1668,62,1908,1922
27,5,114.10865,30.498242,0,0,0,0,0,0,0
27,6,114.10865,30.59134,0,0,0,0,0,0,0
27,7,114.22556,30.498242,0,0,0,0,0,0,0
27,8,114.22556,30.59134,0,0,0,0,0,0,0
27,9,114.16711,30.498242,0,0,0,0,0,0,0
27,10,114.16711,30.59134,0,0,0,0,0,0,0
28,0,114.14762,30.684437,151,340,329,1121,3,1793,1944
28,1,114.16711,30.684437,158,356,318,1123,15,1812,1970
28,2,114.18659,30.684437,13,49,80,1822,81,2032,2045
28,3,114.20608,30.684437,21,41,84,1665,115,1905,1926
28,4,114.22556,30.684437,12,36,69,1686,85,1876,1888
28,5,114.10865,30.498242,0,0,0,0,0,0,0
28,6,114.10865,30.59134,0,0,0,0,0,0,0
28,7,114.22556,30.498242,0,0,0,0,0,0,0
28,8,114.22556,30.59134,0,0,0,0,0,0,0
28,9,114.16711,30.498242,0,0,0,0,0,0,0
28,10,114.16711,30.59134,7,16,18,182,4,220,227
29,0,114.14762,30.684437,93,271,290,1279,8,1848,1941
29,1,114.16711,30.684437,104,271,280,1301,18,1870,1974
29,2,114.18659,30.684437,6,32,53,1834,112,2031,2037
29,3,114.20608,30.684437,15,27,57,1687,157,1928,1943
29,4,114.22556,30.684437,7,25,47,1676,124,1872,1879
29,5,114.10865,30.498242,0,0,0,0,0,0,0
29,6,114.10865,30.59134,0,0,0,0,0,0,0
29,7,114.22556,30.498242,0,0,0,0,0,0,0
29,8,114.22556,30.59134,0,0,0,0,0,0,0
29,9,114.16711,30.498242,0,0,0,0,0,0,0
29,10,114.16711,30.59134,2,13,23,181,7,224,226
30,0,114.14762,30.684437,58,191,243,1431,15,1880,1938
30,1,114.16711,30.684437,69,195,250,1431,23,1899,1968
30,2,114.18659,30.684437,3,26,33,1819,155,2033,2036
30,3,114.20608,30.684437,8,21,34,1668,202,1925,1933
30,4,114.22556,30.684437,5,14,28,1674,174,1890,1895
30,5,114.10865,30.498242,0,0,0,0,0,0,0
30,6,114.10865,30.59134,0,0,0,0,0,0,0
30,7,114.22556,30.498242,0,0,0,0,0,0,0
30,8,114.22556,30.59134,0,0,0,0,0,0,0
30,9,114.16711,30.498242,0,0,0,0,0,0,0
30,10,114.16711,30.59134,2,8,12,191,17,228,230
31,0,114.14762,30.684437,37,136,183,1564,25,1908,1945
31,1,114.16711,30.684437,42,141,192,1565,33,1931,1973
31,2,114.18659,30.684437,1,16,23,1774,221,2034,2035
31,3,114.20608,30.684437,6,14,19,1605,285,1923,1929
31,4,114.22556,30.684437,2,11,19,1610,239,1879,1881
31,5,114.10865,30.498242,0,0,0,0,0,0,0
31,6,114.10865,30.59134,0,0,0,0,0,0,0
31,7,114.22556,30.498242,0,0,0,0,0,0,0
31,8,114.22556,30.59134,0,0,0,0,0,0,0
31,9,114.16711,30.498242,0,0,0,0,0,0,0
31,10,114.16711,30.59134,6,6,12,201,12,231,237
32,0,114.14762,30.684437,32,93,122,1670,32,1917,1949
32,1,114.16711,30.684437,28,108,131,1656,54,1949,1977
32,2,114.18659,30.684437,1,12,16,1712,298,2038,2039
32,3,114.20608,30.684437,1,13,14,1553,352,1932,1933
32,4,114.22556,30.684437,1,6,13,1552,309,1880,1881
32,5,114.10865,30.498242,0,0,0,0,0,0,0
32,6,114.10865,30.59134,0,0,0,0,0,0,0
32,7,114.22556,30.498242,0,0,0,0,0,0,0
32,8,114.22556,30.59134,0,0,0,0,0,0,0
32,9,114.16711,30.498242,0,0,0,0,0,0,0
32,10,114.16711,30.59134,2,1,6,195,17,219,221
33,0,114.14762,30.684437,26,55,97,1759,53,1964,1990
33,1,114.16711,30.684437,22,68,99,1756,73,1996,2018
33,2,114.18659,30.684437,0,5,12,1691,382,2090,2090
33,3,114.20608,30.684437,0,12,9,1518,441,1980,1980
33,4,114.22556,30.684437,1,4,8,1522,387,1921,1922
33,5,114.10865,30.498242,0,0,0,0,0,0,0
33,6,114.10865,30.59134,0,0,0,0,0,0,0
33,7,114.22556,30.498242,0,0,0,0,0,0,0
33,8,114.22556,30.59134,0,0,0,0,0,0,0
33,9,114.16711,30.498242,0,0,0,0,0,0,0
33,10,114.16711,30.59134,0,0,0,0,0,0,0
34,0,114.14762,30.684437,25,32,69,1783,81,1965,1990
34,1,114.16711,30.684437,19,40,79,1772,108,1999,2018
34,2,114.18659,30.684437,0,0,13,1617,460,2090,2090
34,3,114.20608,30.684437,0,9,5,1419,547,1980,1980
34,4,114.22556,30.684437,1,2,4,1424,491,1921,1922
34,5,114.10865,30.498242,0,0,0,0,0,0,0
34,6,114.10865,30.59134,0,0,0,0,0,0,0
34,7,114.22556,30.498242,0,0,0,0,0,0,0
34,8,114.22556,30.59134,0,0,0,0,0,0,0
34,9,114.16711,30.498242,0,0,0,0,0,0,0
34,10,114.16711,30.59134,0,0,0,0,0,0,0
35,0,114.14762,30.684437,16,30,34,1751,108,1923,1939
35,1,114.16711,30.684437,12,31,47,1749,141,1968,1980
35,2,114.18659,30.684437,0,0,5,1474,562,2041,2041
35,3,114.20608,30.684437,0,5,6,1302,626,1939,1939
35,4,114.22556,30.684437,1,1,3,1319,560,1883,1884
35,5,114.10865,30.498242,0,0,0,0,0,0,0
35,6,114.10865,30.59134,0,0,0,0,0,0,0
35,7,114.22556,30.498242,0,0,0,0,0,0,0
35,8,114.22556,30.59134,0,0,0,0,0,0,0
35,9,114.16711,30.498242,0,0,0,0,0,0,0
35,10,114.16711,30.59134,0,0,2,164,51,217,217
36,0,114.14762,30.684437,9,20,27,1719,161,1927,1936
36,1,114.16711,30.684437,9,16,32,1729,182,1959,1968
36,2,114.18659,30.684437,0,0,0,1383,660,2043,2043
36,3,114.20608,30.684437,0,2,7,1192,744,1945,1945
36,4,114.22556,30.684437,1,1,1,1206,656,1864,1865
36,5,114.10865,30.498242,0,0,0,0,0,0,0
36,6,114.10865,30.59134,0,0,0,0,0,0,0
36,7,114.22556,30.498242,0,0,0,0,0,0,0
36,8,114.22556,30.59134,0,0,0,0,0,0,0
36,9,114.16711,30.498242,0,0,0,0,0,0,0
36,10,114.16711,30.59134,2,0,1,179,61,241,243
37,0,114.14762,30.684437,7,11,25,1684,230,1950,1957
37,1,114.16711,30.684437,6,10,27,1682,243,1962,1968
37,2,114.18659,30.684437,0,0,0,1250,786,2036,2036
37,3,114.20608,30.684437,0,0,5,1076,860,1941,1941
37,4,114.22556,30.684437,1,0,1,1108,760,1869,1870
37,5,114.10865,30.498242,0,0,0,0,0,0,0
37,6,114.10865,30.59134,0,0,0,0,0,0,0
37,7,114.22556,30.498242,0,0,0,0,0,0,0
37,8,114.22556,30.59134,0,0,0,0,0,0,0
37,9,114.16711,30.498242,0,0,0,0,0,0,0
37,10,114.16711,30.59134,0,1,2,151,74,228,228
38,0,114.14762,30.684437,5,10,13,1633,286,1942,1947
38,1,114.16711,30.684437,5,7,14,1623,322,1966,1971
38,2,114.18659,30.684437,0,0,0,1136,906,2042,2042
38,3,114.20608,30.684437,0,0,2,973,957,1932,1932
38,4,114.22556,30.684437,1,0,1,998,859,1858,1859
38,5,114.10865,30.498242,0,0,0,0,0,0,0
38,6,114.10865,30.59134,0,0,0,0,0,0,0
38,7,114.22556,30.498242,0,0,0,0,0,0,0
38,8,114.22556,30.59134,0,0,0,0,0,0,0
38,9,114.16711,30.498242,0,0,0,0,0,0,0
38,10,114.16711,30.59134,0,1,1,145,102,249,249
39,0,114.14762,30.684437,2,11,5,1555,376,1947,1949
39,1,114.16711,30.684437,5,4,7,1563,394,1968,1973
39,2,114.18659,30.684437,0,0,0,1018,1041,2059,2059
39,3,114.20608,30.684437,0,0,0,885,1056,1941,1941
39,4,114.22556,30.684437,0,1,0,895,973,1869,1869
39,5,114.10865,30.498242,0,0,0,0,0,0,0
39,6,114.10865,30.59134,0,0,0,0,0,0,0
39,7,114.22556,30.498242,0,0,0,0,0,0,0
39,8,114.22556,30.59134,0,0,0,0,0,0,0
39,9,114.16711,30.498242,0,0,0,0,0,0,0
39,10,114.16711,30.59134,0,1,0,113,95,209,209
40,0,114.14762,30.684437,2,6,8,1479,495,1988,1990
40,1,114.16711,30.684437,4,2,6,1493,513,2014,2018
40,2,114.18659,30.684437,0,0,0,894,1196,2090,2090
40,3,114.20608,30.684437,0,0,0,808,1172,1980,1980
40,4,114.22556,30.684437,0,0,1,805,1116,1922,1922
40,5,114.10865,30.498242,0,0,0,0,0,0,0
40,6,114.10865,30.59134,0,0,0,0,0,0,0
40,7,114.22556,30.498242,0,0,0,0,0,0,0
40,8,114.22556,30.59134,0,0,0,0,0,0,0
40,9,114.16711,30.498242,0,0,0,0,0,0,0
40,10,114.16711,30.59134,0,0,0,0,0,0,0
41,0,114.14762,30.684437,2,5,7,1391,585,1988,1990
41,1,114.16711,30.684437,4,2,3,1400,609,2014,2018
41,2,114.18659,30.684437,0,0,0,772,1318,2090,2090
41,3,114.20608,30.684437,0,0,0,696,1284,1980,1980
41,4,114.22556,30.684437,0,0,1,691,1230,1922,1922
41,5,114.10865,30.498242,0,0,0,0,0,0,0
41,6,114.10865,30.59134,0,0,0,0,0,0,0
41,7,114.22556,30.498242,0,0,0,0,0,0,0
41,8,114.22556,30.59134,0,0,0,0,0,0,0
41,9,114.16711,30.498242,0,0,0,0,0,0,0
41,10,114.16711,30.59134,0,0,0,0,0,0,0
42,0,114.14762,30.684437,2,1,4,1258,682,1945,1947
42,1,114.16711,30.684437,2,2,2,1260,707,1971,1973
42,2,114.18659,30.684437,0,0,0,637,1397,2034,2034
42,3,114.20608,30.684437,0,0,0,566,1359,1925,1925
42,4,114.22556,30.684437,0,0,0,577,1302,1879,1879
42,5,114.10865,30.498242,0,0,0,0,0,0,0
42,6,114.10865,30.59134,0,0,0,0,0,0,0
42,7,114.22556,30.498242,0,0,0,0,0,0,0
42,8,114.22556,30.59134,0,0,0,0,0,0,0
42,9,114.16711,30.498242,0,0,0,0,0,0,0
42,10,114.16711,30.59134,0,1,0,115,126,242,242
43,0,114.14762,30.684437,1,2,4,1140,786,1932,1933
43,1,114.16711,30.684437,0,3,3,1143,823,1972,1972
43,2,114.18659,30.684437,0,0,0,534,1497,2031,2031
43,3,114.20608,30.684437,0,0,0,488,1452,1940,1940
43,4,114.22556,30.684437,0,0,0,491,1398,1889,1889
43,5,114.10865,30.498242,0,0,0,0,0,0,0
43,6,114.10865,30.59134,0,0,0,0,0,0,0
43,7,114.22556,30.498242,0,0,0,0,0,0,0
43,8,114.22556,30.59134,0,0,0,0,0,0,0
43,9,114.16711,30.498242,0,0,0,0,0,0,0
43,10,114.16711,30.59134,0,0,0,106,129,235,235
44,0,114.14762,30.684437,0,2,2,1037,906,1947,1947
44,1,114.16711,30.684437,0,1,3,1029,946,1979,1979
44,2,114.18659,30.684437,0,0,0,422,1617,2039,2039
44,3,114.20608,30.684437,0,0,0,377,1560,1937,1937
44,4,114.22556,30.684437,0,0,0,387,1488,1875,1875
44,5,114.10865,30.498242,0,0,0,0,0,0,0
44,6,114.10865,30.59134,0,0,0,0,0,0,0
44,7,114.22556,30.498242,0,0,0,0,0,0,0
44,8,114.22556,30.59134,0,0,0,0,0,0,0
44,9,114.16711,30.498242,0,0,0,0,0,0,0
44,10,114.16711,30.59134,0,0,0,83,140,223,223
45,0,114.14762,30.684437,0,1,2,902,1034,1939,1939
45,1,114.16711,30.684437,0,0,3,917,1056,1976,1976
45,2,114.18659,30.684437,0,0,0,347,1688,2035,2035
45,3,114.20608,30.684437,0,0,0,293,1638,1931,1931
45,4,114.22556,30.684437,0,0,0,304,1567,1871,1871
45,5,114.10865,30.498242,0,0,0,0,0,0,0
45,6,114.10865,30.59134,0,0,0,0,0,0,0
45,7,114.22556,30.498242,0,0,0,0,0,0,0
45,8,114.22556,30.59134,0,0,0,0,0,0,0
45,9,114.16711,30.498242,0,0,0,0,0,0,0
45,10,114.16711,30.59134,0,0,0,73,175,248,248
46,0,114.14762,30.684437,0,1,1,798,1136,1936,1936
46,1,114.16711,30.684437,0,0,1,812,1160,1973,1973
46,2,114.18659,30.684437,0,0,0,261,1781,2042,2042
46,3,114.20608,30.684437,0,0,0,226,1699,1925,1925
46,4,114.22556,30.684437,0,0,0,230,1652,1882,1882
46,5,114.10865,30.498242,0,0,0,0,0,0,0
46,6,114.10865,30.59134,0,0,0,0,0,0,0
46,7,114.22556,30.498242,0,0,0,0,0,0,0
46,8,114.22556,30.59134,0,0,0,0,0,0,0
46,9,114.16711,30.498242,0,0,0,0,0,0,0
46,10,114.16711,30.59134,0,0,0,55,187,242,242
47,0,114.14762,30.684437,0,1,0,693,1296,1990,1990
47,1,114.16711,30.684437,0,0,0,723,1295,2018,2018
47,2,114.18659,30.684437,0,0,0,198,1892,2090,2090
47,3,114.20608,30.684437,0,0,0,179,1801,1980,1980
47,4,114.22556,30.684437,0,0,0,164,1758,1922,1922
47,5,114.10865,30.498242,0,0,0,0,0,0,0
47,6,114.10865,30.59134,0,0,0,0,0,0,0
47,7,114.22556,30.498242,0,0,0,0,0,0,0
47,8,114.22556,30.59134,0,0,0,0,0,0,0
47,9,114.16711,30.498242,0,0,0,0,0,0,0
47,10,114.16711,30.59134,0,0,0,0,0,0,0
48,0,114.14762,30.684437,0,0,1,576,1413,1990,1990
48,1,114.16711,30.684437,0,0,0,616,1402,2018,2018
48,2,114.18659,30.684437,0,0,0,147,1943,2090,2090
48,3,114.20608,30.684437,0,0,0,135,1845,1980,1980
48,4,114.22556,30.684437,0,0,0,123,1799,1922,1922
48,5,114.10865,30.498242,0,0,0,0,0,0,0
48,6,114.10865,30.59134,0,0,0,0,0,0,0
48,7,114.22556,30.498242,0,0,0,0,0,0,0
48,8,114.22556,30.59134,0,0,0,0,0,0,0
48,9,114.16711,30.498242,0,0,0,0,0,0,0
48,10,114.16711,30.59134,0,0,0,0,0,0,0
49,0,114.14762,30.684437,0,0,1,444,1482,1927,1927
49,1,114.16711,30.684437,0,0,0,507,1468,1975,1975
49,2,114.18659,30.684437,0,0,0,92,1945,2037,2037
49,3,114.20608,30.684437,0,0,0,100,1831,1931,1931
49,4,114.22556,30.684437,0,0,0,85,1792,1877,1877
49,5,114.10865,30.498242,0,0,0,0,0,0,0
49,6,114.10865,30.59134,0,0,0,0,0,0,0
49,7,114.22556,30.498242,0,0,0,0,0,0,0
49,8,114.22556,30.59134,0,0,0,0,0,0,0
49,9,114.16711,30.498242,0,0,0,0,0,0,0
49,10,114.16711,30.59134,0,0,0,30,223,253,253
50,0,114.14762,30.684437,0,0,0,365,1573,1938,1938
50,1,114.16711,30.684437,0,0,0,416,1553,1969,1969
50,2,114.18659,30.684437,0,0,0,60,1988,2048,2048
50,3,114.20608,30.684437,0,0,0,72,1861,1933,1933
50,4,114.22556,30.684437,0,0,0,59,1812,1871,1871
50,5,114.10865,30.498242,0,0,0,0,0,0,0
50,6,114.10865,30.59134,0,0,0,0,0,0,0
50,7,114.22556,30.498242,0,0,0,0,0,0,0
50,8,114.22556,30.59134,0,0,0,0,0,0,0
50,9,114.16711,30.498242,0,0,0,0,0,0,0
50,10,114.16711,30.59134,0,0,0,29,212,241,241
51,0,114.14762,30.684437,0,0,0,286,1656,1942,1942
51,1,114.16711,30.684437,0,0,0,323,1644,1967,1967
51,2,114.18659,30.684437,0,0,0,36,2005,2041,2041
51,3,114.20608,30.684437,0,0,0,45,1900,1945,1945
51,4,114.22556,30.684437,0,0,0,37,1840,1877,1877
51,5,114.10865,30.498242,0,0,0,0,0,0,0
51,6,114.10865,30.59134,0,0,0,0,0,0,0
51,7,114.22556,30.498242,0,0,0,0,0,0,0
51,8,114.22556,30.59134,0,0,0,0,0,0,0
51,9,114.16711,30.498242,0,0,0,0,0,0,0
51,10,114.16711,30.59134,0,0,0,19,209,228,228
52,0,114.14762,30.684437,0,0,0,208,1740,1948,1948
52,1,114.16711,30.684437,0,0,0,224,1748,1972,1972
52,2,114.18659,30.684437,0,0,0,24,2008,2032,2032
52,3,114.20608,30.684437,0,0,0,28,1902,1930,1930
52,4,114.22556,30.684437,0,0,0,26,1860,1886,1886
52,5,114.10865,30.498242,0,0,0,0,0,0,0
52,6,114.10865,30.59134,0,0,0,0,0,0,0
52,7,114.22556,30.498242,0,0,0,0,0,0,0
52,8,114.22556,30.59134,0,0,0,0,0,0,0
52,9,114.16711,30.498242,0,0,0,0,0,0,0
52,10,114.16711,30.59134,0,0,0,14,218,232,232
53,0,114.14762,30.684437,0,0,0,144,1801,1945,1945
53,1,114.16711,30.684437,0,0,0,162,1803,1965,1965
53,2,114.18659,30.684437,0,0,0,16,2011,2027,2027
53,3,114.20608,30.684437,0,0,0,19,1922,1941,1941
53,4,114.22556,30.684437,0,0,0,19,1858,1877,1877
53,5,114.10865,30.498242,0,0,0,0,0,0,0
53,6,114.10865,30.59134,0,0,0,0,0,0,0
53,7,114.22556,30.498242,0,0,0,0,0,0,0
53,8,114.22556,30.59134,0,0,0,0,0,0,0
53,9,114.16711,30.498242,0,0,0,0,0,0,0
53,10,114.16711,30.59134,0,0,0,14,231,245,245
54,0,114.14762,30.684437,0,0,0,122,1868,1990,1990
54,1,114.16711,30.684437,0,0,0,126,1892,2018,2018
54,2,114.18659,30.684437,0,0,0,9,2081,2090,2090
54,3,114.20608,30.684437,0,0,0,15,1965,1980,1980
54,4,114.22556,30.684437,0,0,0,12,1910,1922,1922
54,5,114.10865,30.498242,0,0,0,0,0,0,0
54,6,114.10865,30.59134,0,0,0,0,0,0,0
54,7,114.22556,30.498242,0,0,0,0,0,0,0
54,8,114.22556,30.59134,0,0,0,0,0,0,0
54,9,114.16711,30.498242,0,0,0,0,0,0,0
54,10,114.16711,30.59134,0,0,0,0,0,0,0
55,0,114.14762,30.684437,0,0,0,78,1912,1990,1990
55,1,114.16711,30.684437,0,0,0,87,1931,2018,2018
55,2,114.18659,30.684437,0,0,0,6,2084,2090,2090
55,3,114.20608,30.684437,0,0,0,12,1968,1980,1980
55,4,114.22556,30.684437,0,0,0,6,1916,1922,1922
55,5,114.10865,30.498242,0,0,0,0,0,0,0
55,6,114.10865,30.59134,0,0,0,0,0,0,0
55,7,114.22556,30.498242,0,0,0,0,0,0,0
55,8,114.22556,30.59134,0,0,0,0,0,0,0
55,9,114.16711,30.498242,0,0,0,0,0,0,0
55,10,114.16711,30.59134,0,0,0,0,0,0,0
56,0,114.14762,30.684437,0,0,0,58,1879,1937,1937
56,1,114.16711,30.684437,0,0,0,62,1902,1964,1964
56,2,114.18659,30.684437,0,0,0,2,2031,2033,2033
56,3,114.20608,30.684437,0,0,0,8,1935,1943,1943
56,4,114.22556,30.684437,0,0,0,5,1873,1878,1878
56,5,114.10865,30.498242,0,0,0,0,0,0,0
56,6,114.10865,30.59134,0,0,0,0,0,0,0
56,7,114.22556,30.498242,0,0,0,0,0,0,0
56,8,114.22556,30.59134,0,0,0,0,0,0,0
56,9,114.16711,30.498242,0,0,0,0,0,0,0
56,10,114.16711,30.59134,0,0,0,4,241,245,245
57,0,114.14762,30.684437,0,0,0,41,1906,1947,1947
57,1,114.16711,30.684437,0,0,0,44,1926,1970,1970
57,2,114.18659,30.684437,0,0,0,3,2035,2038,2038
57,3,114.20608,30.684437,0,0,0,6,1938,1944,1944
57,4,114.22556,30.684437,0,0,0,4,1882,1886,1886
57,5,114.10865,30.498242,0,0,0,0,0,0,0
57,6,114.10865,30.59134,0,0,0,0,0,0,0
57,7,114.22556,30.498242,0,0,0,0,0,0,0
57,8,114.22556,30.59134,0,0,0,0,0,0,0
57,9,114.16711,30.498242,0,0,0,0,0,0,0
57,10,114.16711,30.59134,0,0,0,1,214,215,215
58,0,114.14762,30.684437,0,0,0,30,1913,1943,1943
58,1,114.16711,30.684437,0,0,0,28,1947,1975,1975
58,2,114.18659,30.684437,0,0,0,1,2046,2047,2047
58,3,114.20608,30.684437,0,0,0,4,1935,1939,1939
58,4,114.22556,30.684437,0,0,0,4,1889,1893,1893
58,5,114.10865,30.498242,0,0,0,0,0,0,0
58,6,114.10865,30.59134,0,0,0,0,0,0,0
58,7,114.22556,30.498242,0,0,0,0,0,0,0
58,8,114.22556,30.59134,0,0,0,0,0,0,0
58,9,114.16711,30.498242,0,0,0,0,0,0,0
58,10,114.16711,30.59134,0,0,0,1,202,203,203
59,0,114.14762,30.684437,0,0,0,17,1933,1950,1950
59,1,114.16711,30.684437,0,0,0,19,1931,1950,1950
59,2,114.18659,30.684437,0,0,0,0,2045,2045,2045
59,3,114.20608,30.684437,0,0,0,2,1929,1931,1931
59,4,114.22556,30.684437,0,0,0,2,1877,1879,1879
59,5,114.10865,30.498242,0,0,0,0,0,0,0
59,6,114.10865,30.59134,0,0,0,0,0,0,0
59,7,114.22556,30.498242,0,0,0,0,0,0,0
59,8,114.22556,30.59134,0,0,0,0,0,0,0
59,9,114.16711,30.498242,0,0,0,0,0,0,0
59,10,114.16711,30.59134,0,0,0,1,244,245,245
